Temperature (K)	Pressure (MPa)	Density (mol/m3)	Volume (m3/mol)	Internal Energy (kJ/mol)	Enthalpy (kJ/mol)	Entropy (J/mol*K)	Cv (J/mol*K)	Cp (J/mol*K)	Sound Spd. (m/s)	Joule-Thomson (K/MPa)	Viscosity (uPa*s)	Therm. Cond. (W/m*K)	Phase
270.00	0.0000	0.0000	infinite	11.378	13.622	-1.0000e+07	26.465	34.780	428.83	undefined	10.136	0.030104	vapor
270.00	0.0010000	0.44546	2.2449	11.377	13.622	142.02	26.466	34.781	428.82	5.3472	10.136	0.030107	vapor
270.00	0.0020000	0.89094	1.1224	11.377	13.622	136.26	26.466	34.782	428.82	5.3472	10.136	0.030108	vapor
270.00	0.0030000	1.3365	0.74825	11.377	13.622	132.89	26.466	34.784	428.81	5.3471	10.137	0.030109	vapor
270.00	0.0040000	1.7820	0.56117	11.377	13.622	130.49	26.466	34.785	428.81	5.3471	10.137	0.030111	vapor
270.00	0.0050000	2.2275	0.44893	11.377	13.622	128.64	26.467	34.786	428.81	5.3470	10.137	0.030112	vapor
270.00	0.0060000	2.6731	0.37410	11.377	13.621	127.12	26.467	34.787	428.80	5.3470	10.137	0.030113	vapor
270.00	0.0070000	3.1187	0.32065	11.377	13.621	125.84	26.467	34.788	428.80	5.3470	10.137	0.030114	vapor
270.00	0.0080000	3.5643	0.28056	11.377	13.621	124.73	26.467	34.789	428.79	5.3469	10.137	0.030115	vapor
270.00	0.0090000	4.0099	0.24938	11.376	13.621	123.75	26.467	34.791	428.79	5.3469	10.137	0.030115	vapor
270.00	0.010000	4.4556	0.22444	11.376	13.621	122.87	26.468	34.792	428.78	5.3468	10.138	0.030116	vapor
270.00	0.011000	4.9013	0.20403	11.376	13.620	122.08	26.468	34.793	428.78	5.3468	10.138	0.030117	vapor
270.00	0.012000	5.3470	0.18702	11.376	13.620	121.36	26.468	34.794	428.77	5.3468	10.138	0.030118	vapor
270.00	0.013000	5.7927	0.17263	11.376	13.620	120.69	26.468	34.795	428.77	5.3467	10.138	0.030119	vapor
270.00	0.014000	6.2384	0.16030	11.376	13.620	120.07	26.469	34.797	428.76	5.3467	10.138	0.030120	vapor
270.00	0.015000	6.6842	0.14961	11.376	13.620	119.50	26.469	34.798	428.76	5.3466	10.138	0.030121	vapor
270.00	0.016000	7.1300	0.14025	11.375	13.620	118.96	26.469	34.799	428.75	5.3466	10.138	0.030122	vapor
270.00	0.017000	7.5758	0.13200	11.375	13.619	118.46	26.469	34.800	428.75	5.3466	10.138	0.030123	vapor
270.00	0.018000	8.0216	0.12466	11.375	13.619	117.98	26.469	34.801	428.74	5.3465	10.139	0.030124	vapor
270.00	0.019000	8.4675	0.11810	11.375	13.619	117.53	26.470	34.803	428.74	5.3465	10.139	0.030124	vapor
270.00	0.020000	8.9134	0.11219	11.375	13.619	117.10	26.470	34.804	428.73	5.3464	10.139	0.030125	vapor
270.00	0.021000	9.3593	0.10685	11.375	13.619	116.70	26.470	34.805	428.73	5.3464	10.139	0.030126	vapor
270.00	0.022000	9.8052	0.10199	11.375	13.618	116.31	26.470	34.806	428.72	5.3464	10.139	0.030127	vapor
270.00	0.023000	10.251	0.097550	11.375	13.618	115.94	26.470	34.807	428.72	5.3463	10.139	0.030128	vapor
270.00	0.024000	10.697	0.093483	11.374	13.618	115.59	26.471	34.809	428.71	5.3463	10.139	0.030129	vapor
270.00	0.025000	11.143	0.089742	11.374	13.618	115.25	26.471	34.810	428.71	5.3462	10.140	0.030129	vapor
270.00	0.026000	11.589	0.086288	11.374	13.618	114.92	26.471	34.811	428.70	5.3462	10.140	0.030130	vapor
270.00	0.027000	12.035	0.083090	11.374	13.617	114.61	26.471	34.812	428.70	5.3462	10.140	0.030131	vapor
270.00	0.028000	12.481	0.080121	11.374	13.617	114.30	26.472	34.813	428.69	5.3461	10.140	0.030132	vapor
270.00	0.029000	12.927	0.077356	11.374	13.617	114.01	26.472	34.815	428.69	5.3461	10.140	0.030133	vapor
270.00	0.030000	13.373	0.074776	11.374	13.617	113.73	26.472	34.816	428.68	5.3461	10.140	0.030134	vapor
270.00	0.031000	13.819	0.072362	11.374	13.617	113.46	26.472	34.817	428.68	5.3460	10.140	0.030134	vapor
270.00	0.032000	14.266	0.070099	11.373	13.617	113.19	26.472	34.818	428.67	5.3460	10.140	0.030135	vapor
270.00	0.033000	14.712	0.067973	11.373	13.616	112.93	26.473	34.819	428.67	5.3459	10.141	0.030136	vapor
270.00	0.034000	15.158	0.065972	11.373	13.616	112.69	26.473	34.820	428.66	5.3459	10.141	0.030137	vapor
270.00	0.035000	15.604	0.064085	11.373	13.616	112.44	26.473	34.822	428.66	5.3459	10.141	0.030138	vapor
270.00	0.036000	16.050	0.062304	11.373	13.616	112.21	26.473	34.823	428.65	5.3458	10.141	0.030138	vapor
270.00	0.037000	16.497	0.060618	11.373	13.616	111.98	26.474	34.824	428.65	5.3458	10.141	0.030139	vapor
270.00	0.038000	16.943	0.059022	11.373	13.615	111.76	26.474	34.825	428.64	5.3457	10.141	0.030140	vapor
270.00	0.039000	17.389	0.057507	11.372	13.615	111.54	26.474	34.826	428.64	5.3457	10.141	0.030141	vapor
270.00	0.040000	17.836	0.056068	11.372	13.615	111.33	26.474	34.828	428.63	5.3457	10.141	0.030142	vapor
270.00	0.041000	18.282	0.054699	11.372	13.615	111.13	26.474	34.829	428.63	5.3456	10.142	0.030142	vapor
270.00	0.042000	18.728	0.053395	11.372	13.615	110.93	26.475	34.830	428.62	5.3456	10.142	0.030143	vapor
270.00	0.043000	19.175	0.052152	11.372	13.614	110.73	26.475	34.831	428.62	5.3455	10.142	0.030144	vapor
270.00	0.044000	19.621	0.050966	11.372	13.614	110.54	26.475	34.832	428.61	5.3455	10.142	0.030145	vapor
270.00	0.045000	20.067	0.049832	11.372	13.614	110.35	26.475	34.834	428.61	5.3455	10.142	0.030146	vapor
270.00	0.046000	20.514	0.048748	11.372	13.614	110.17	26.476	34.835	428.60	5.3454	10.142	0.030146	vapor
270.00	0.047000	20.960	0.047709	11.371	13.614	109.99	26.476	34.836	428.60	5.3454	10.142	0.030147	vapor
270.00	0.048000	21.407	0.046714	11.371	13.614	109.81	26.476	34.837	428.59	5.3453	10.143	0.030148	vapor
270.00	0.049000	21.853	0.045760	11.371	13.613	109.64	26.476	34.838	428.59	5.3453	10.143	0.030149	vapor
270.00	0.050000	22.300	0.044843	11.371	13.613	109.47	26.476	34.840	428.58	5.3453	10.143	0.030149	vapor
270.00	0.051000	22.746	0.043963	11.371	13.613	109.31	26.477	34.841	428.58	5.3452	10.143	0.030150	vapor
270.00	0.052000	23.193	0.043116	11.371	13.613	109.14	26.477	34.842	428.57	5.3452	10.143	0.030151	vapor
270.00	0.053000	23.640	0.042302	11.371	13.613	108.99	26.477	34.843	428.57	5.3451	10.143	0.030152	vapor
270.00	0.054000	24.086	0.041518	11.370	13.612	108.83	26.477	34.844	428.56	5.3451	10.143	0.030153	vapor
270.00	0.055000	24.533	0.040762	11.370	13.612	108.68	26.477	34.846	428.56	5.3451	10.143	0.030153	vapor
270.00	0.056000	24.980	0.040033	11.370	13.612	108.53	26.478	34.847	428.55	5.3450	10.144	0.030154	vapor
270.00	0.057000	25.426	0.039330	11.370	13.612	108.38	26.478	34.848	428.55	5.3450	10.144	0.030155	vapor
270.00	0.058000	25.873	0.038650	11.370	13.612	108.23	26.478	34.849	428.54	5.3449	10.144	0.030156	vapor
270.00	0.059000	26.320	0.037994	11.370	13.611	108.09	26.478	34.850	428.54	5.3449	10.144	0.030157	vapor
270.00	0.060000	26.766	0.037360	11.370	13.611	107.95	26.479	34.852	428.53	5.3449	10.144	0.030157	vapor
270.00	0.061000	27.213	0.036747	11.370	13.611	107.81	26.479	34.853	428.53	5.3448	10.144	0.030158	vapor
270.00	0.062000	27.660	0.036153	11.369	13.611	107.68	26.479	34.854	428.52	5.3448	10.144	0.030159	vapor
270.00	0.063000	28.107	0.035579	11.369	13.611	107.54	26.479	34.855	428.52	5.3447	10.145	0.030160	vapor
270.00	0.064000	28.554	0.035022	11.369	13.611	107.41	26.479	34.856	428.51	5.3447	10.145	0.030160	vapor
270.00	0.065000	29.000	0.034482	11.369	13.610	107.28	26.480	34.858	428.51	5.3447	10.145	0.030161	vapor
270.00	0.066000	29.447	0.033959	11.369	13.610	107.16	26.480	34.859	428.50	5.3446	10.145	0.030162	vapor
270.00	0.067000	29.894	0.033451	11.369	13.610	107.03	26.480	34.860	428.50	5.3446	10.145	0.030163	vapor
270.00	0.068000	30.341	0.032958	11.369	13.610	106.91	26.480	34.861	428.49	5.3445	10.145	0.030163	vapor
270.00	0.069000	30.788	0.032480	11.369	13.610	106.78	26.481	34.862	428.49	5.3445	10.145	0.030164	vapor
270.00	0.070000	31.235	0.032015	11.368	13.609	106.66	26.481	34.863	428.48	5.3445	10.145	0.030165	vapor
270.00	0.071000	31.682	0.031564	11.368	13.609	106.55	26.481	34.865	428.48	5.3444	10.146	0.030166	vapor
270.00	0.072000	32.129	0.031124	11.368	13.609	106.43	26.481	34.866	428.47	5.3444	10.146	0.030167	vapor
270.00	0.073000	32.576	0.030697	11.368	13.609	106.31	26.481	34.867	428.47	5.3443	10.146	0.030167	vapor
270.00	0.074000	33.023	0.030282	11.368	13.609	106.20	26.482	34.868	428.46	5.3443	10.146	0.030168	vapor
270.00	0.075000	33.470	0.029877	11.368	13.609	106.09	26.482	34.869	428.46	5.3443	10.146	0.030169	vapor
270.00	0.076000	33.917	0.029483	11.368	13.608	105.98	26.482	34.871	428.45	5.3442	10.146	0.030170	vapor
270.00	0.077000	34.365	0.029100	11.367	13.608	105.87	26.482	34.872	428.45	5.3442	10.146	0.030170	vapor
270.00	0.078000	34.812	0.028726	11.367	13.608	105.76	26.483	34.873	428.44	5.3441	10.147	0.030171	vapor
270.00	0.079000	35.259	0.028362	11.367	13.608	105.65	26.483	34.874	428.44	5.3441	10.147	0.030172	vapor
270.00	0.080000	35.706	0.028006	11.367	13.608	105.55	26.483	34.875	428.43	5.3441	10.147	0.030173	vapor
270.00	0.081000	36.153	0.027660	11.367	13.607	105.45	26.483	34.877	428.43	5.3440	10.147	0.030173	vapor
270.00	0.082000	36.601	0.027322	11.367	13.607	105.34	26.483	34.878	428.42	5.3440	10.147	0.030174	vapor
270.00	0.083000	37.048	0.026992	11.367	13.607	105.24	26.484	34.879	428.42	5.3439	10.147	0.030175	vapor
270.00	0.084000	37.495	0.026670	11.367	13.607	105.14	26.484	34.880	428.42	5.3439	10.147	0.030176	vapor
270.00	0.085000	37.942	0.026356	11.366	13.607	105.04	26.484	34.881	428.41	5.3439	10.147	0.030176	vapor
270.00	0.086000	38.390	0.026049	11.366	13.606	104.94	26.484	34.883	428.41	5.3438	10.148	0.030177	vapor
270.00	0.087000	38.837	0.025749	11.366	13.606	104.85	26.484	34.884	428.40	5.3438	10.148	0.030178	vapor
270.00	0.088000	39.284	0.025455	11.366	13.606	104.75	26.485	34.885	428.40	5.3437	10.148	0.030179	vapor
270.00	0.089000	39.732	0.025169	11.366	13.606	104.66	26.485	34.886	428.39	5.3437	10.148	0.030180	vapor
270.00	0.090000	40.179	0.024889	11.366	13.606	104.56	26.485	34.887	428.39	5.3436	10.148	0.030180	vapor
270.00	0.091000	40.627	0.024614	11.366	13.606	104.47	26.485	34.889	428.38	5.3436	10.148	0.030181	vapor
270.00	0.092000	41.074	0.024346	11.365	13.605	104.38	26.486	34.890	428.38	5.3436	10.148	0.030182	vapor
270.00	0.093000	41.522	0.024084	11.365	13.605	104.29	26.486	34.891	428.37	5.3435	10.149	0.030183	vapor
270.00	0.094000	41.969	0.023827	11.365	13.605	104.20	26.486	34.892	428.37	5.3435	10.149	0.030183	vapor
270.00	0.095000	42.417	0.023576	11.365	13.605	104.11	26.486	34.893	428.36	5.3434	10.149	0.030184	vapor
270.00	0.096000	42.864	0.023330	11.365	13.605	104.03	26.486	34.895	428.36	5.3434	10.149	0.030185	vapor
270.00	0.097000	43.312	0.023088	11.365	13.604	103.94	26.487	34.896	428.35	5.3434	10.149	0.030186	vapor
270.00	0.098000	43.759	0.022852	11.365	13.604	103.85	26.487	34.897	428.35	5.3433	10.149	0.030186	vapor
270.00	0.099000	44.207	0.022621	11.365	13.604	103.77	26.487	34.898	428.34	5.3433	10.149	0.030187	vapor
270.00	0.10000	44.655	0.022394	11.364	13.604	103.68	26.487	34.899	428.34	5.3432	10.149	0.030188	vapor
