Temperature (K)	Pressure (MPa)	Density (mol/m3)	Volume (m3/mol)	Internal Energy (kJ/mol)	Enthalpy (kJ/mol)	Entropy (J/mol*K)	Cv (J/mol*K)	Cp (J/mol*K)	Sound Spd. (m/s)	Joule-Thomson (K/MPa)	Viscosity (uPa*s)	Therm. Cond. (W/m*K)	Phase
510.00	0.0000	0.0000	infinite	19.064	23.304	-1.0000e+07	38.796	47.111	566.54	undefined	17.154	0.070198	vapor
510.00	0.0010000	0.23583	4.2404	19.064	23.304	167.26	38.796	47.111	566.54	1.1577	17.154	0.070199	vapor
510.00	0.0020000	0.47165	2.1202	19.064	23.304	161.50	38.796	47.111	566.54	1.1577	17.154	0.070199	vapor
510.00	0.0030000	0.70748	1.4135	19.064	23.304	158.13	38.796	47.111	566.54	1.1576	17.154	0.070200	vapor
510.00	0.0040000	0.94331	1.0601	19.064	23.304	155.73	38.796	47.112	566.54	1.1576	17.154	0.070200	vapor
510.00	0.0050000	1.1791	0.84808	19.064	23.304	153.88	38.796	47.112	566.54	1.1576	17.154	0.070201	vapor
510.00	0.0060000	1.4150	0.70673	19.064	23.304	152.36	38.796	47.112	566.54	1.1576	17.154	0.070201	vapor
510.00	0.0070000	1.6508	0.60577	19.064	23.304	151.08	38.796	47.112	566.55	1.1575	17.154	0.070201	vapor
510.00	0.0080000	1.8866	0.53005	19.064	23.304	149.97	38.797	47.113	566.55	1.1575	17.154	0.070202	vapor
510.00	0.0090000	2.1224	0.47116	19.064	23.304	148.99	38.797	47.113	566.55	1.1575	17.155	0.070202	vapor
510.00	0.010000	2.3583	0.42404	19.063	23.304	148.11	38.797	47.113	566.55	1.1575	17.155	0.070203	vapor
510.00	0.011000	2.5941	0.38549	19.063	23.304	147.32	38.797	47.113	566.55	1.1574	17.155	0.070203	vapor
510.00	0.012000	2.8299	0.35337	19.063	23.304	146.60	38.797	47.114	566.55	1.1574	17.155	0.070203	vapor
510.00	0.013000	3.0657	0.32618	19.063	23.304	145.93	38.797	47.114	566.55	1.1574	17.155	0.070204	vapor
510.00	0.014000	3.3016	0.30289	19.063	23.304	145.32	38.797	47.114	566.56	1.1574	17.155	0.070204	vapor
510.00	0.015000	3.5374	0.28269	19.063	23.304	144.74	38.797	47.114	566.56	1.1573	17.155	0.070205	vapor
510.00	0.016000	3.7732	0.26503	19.063	23.304	144.21	38.797	47.115	566.56	1.1573	17.155	0.070205	vapor
510.00	0.017000	4.0091	0.24944	19.063	23.303	143.70	38.797	47.115	566.56	1.1573	17.155	0.070205	vapor
510.00	0.018000	4.2449	0.23558	19.063	23.303	143.23	38.797	47.115	566.56	1.1573	17.155	0.070206	vapor
510.00	0.019000	4.4807	0.22318	19.063	23.303	142.78	38.797	47.115	566.56	1.1572	17.155	0.070206	vapor
510.00	0.020000	4.7165	0.21202	19.063	23.303	142.35	38.797	47.116	566.56	1.1572	17.156	0.070207	vapor
510.00	0.021000	4.9524	0.20192	19.063	23.303	141.94	38.797	47.116	566.56	1.1572	17.156	0.070207	vapor
510.00	0.022000	5.1882	0.19275	19.063	23.303	141.56	38.797	47.116	566.57	1.1572	17.156	0.070207	vapor
510.00	0.023000	5.4240	0.18437	19.063	23.303	141.19	38.797	47.116	566.57	1.1571	17.156	0.070208	vapor
510.00	0.024000	5.6598	0.17668	19.063	23.303	140.83	38.797	47.117	566.57	1.1571	17.156	0.070208	vapor
510.00	0.025000	5.8957	0.16962	19.063	23.303	140.49	38.797	47.117	566.57	1.1571	17.156	0.070209	vapor
510.00	0.026000	6.1315	0.16309	19.063	23.303	140.17	38.797	47.117	566.57	1.1570	17.156	0.070209	vapor
510.00	0.027000	6.3673	0.15705	19.063	23.303	139.85	38.797	47.117	566.57	1.1570	17.156	0.070209	vapor
510.00	0.028000	6.6031	0.15144	19.062	23.303	139.55	38.797	47.118	566.57	1.1570	17.156	0.070210	vapor
510.00	0.029000	6.8390	0.14622	19.062	23.303	139.26	38.797	47.118	566.57	1.1570	17.156	0.070210	vapor
510.00	0.030000	7.0748	0.14135	19.062	23.303	138.98	38.797	47.118	566.58	1.1569	17.156	0.070210	vapor
510.00	0.031000	7.3106	0.13679	19.062	23.303	138.70	38.797	47.118	566.58	1.1569	17.157	0.070211	vapor
510.00	0.032000	7.5464	0.13251	19.062	23.303	138.44	38.797	47.119	566.58	1.1569	17.157	0.070211	vapor
510.00	0.033000	7.7823	0.12850	19.062	23.303	138.18	38.797	47.119	566.58	1.1569	17.157	0.070212	vapor
510.00	0.034000	8.0181	0.12472	19.062	23.303	137.94	38.797	47.119	566.58	1.1568	17.157	0.070212	vapor
510.00	0.035000	8.2539	0.12115	19.062	23.303	137.70	38.797	47.119	566.58	1.1568	17.157	0.070212	vapor
510.00	0.036000	8.4898	0.11779	19.062	23.302	137.46	38.797	47.120	566.58	1.1568	17.157	0.070213	vapor
510.00	0.037000	8.7256	0.11461	19.062	23.302	137.23	38.797	47.120	566.58	1.1568	17.157	0.070213	vapor
510.00	0.038000	8.9614	0.11159	19.062	23.302	137.01	38.798	47.120	566.59	1.1567	17.157	0.070214	vapor
510.00	0.039000	9.1972	0.10873	19.062	23.302	136.80	38.798	47.120	566.59	1.1567	17.157	0.070214	vapor
510.00	0.040000	9.4331	0.10601	19.062	23.302	136.58	38.798	47.121	566.59	1.1567	17.157	0.070214	vapor
510.00	0.041000	9.6689	0.10342	19.062	23.302	136.38	38.798	47.121	566.59	1.1567	17.158	0.070215	vapor
510.00	0.042000	9.9047	0.10096	19.062	23.302	136.18	38.798	47.121	566.59	1.1566	17.158	0.070215	vapor
510.00	0.043000	10.141	0.098614	19.062	23.302	135.98	38.798	47.121	566.59	1.1566	17.158	0.070215	vapor
510.00	0.044000	10.376	0.096373	19.062	23.302	135.79	38.798	47.122	566.59	1.1566	17.158	0.070216	vapor
510.00	0.045000	10.612	0.094231	19.062	23.302	135.60	38.798	47.122	566.59	1.1566	17.158	0.070216	vapor
510.00	0.046000	10.848	0.092183	19.062	23.302	135.42	38.798	47.122	566.60	1.1565	17.158	0.070217	vapor
510.00	0.047000	11.084	0.090221	19.061	23.302	135.24	38.798	47.122	566.60	1.1565	17.158	0.070217	vapor
510.00	0.048000	11.320	0.088342	19.061	23.302	135.07	38.798	47.123	566.60	1.1565	17.158	0.070217	vapor
510.00	0.049000	11.555	0.086539	19.061	23.302	134.90	38.798	47.123	566.60	1.1564	17.158	0.070218	vapor
510.00	0.050000	11.791	0.084808	19.061	23.302	134.73	38.798	47.123	566.60	1.1564	17.158	0.070218	vapor
510.00	0.051000	12.027	0.083145	19.061	23.302	134.56	38.798	47.123	566.60	1.1564	17.158	0.070218	vapor
510.00	0.052000	12.263	0.081546	19.061	23.302	134.40	38.798	47.124	566.60	1.1564	17.159	0.070219	vapor
510.00	0.053000	12.499	0.080008	19.061	23.302	134.24	38.798	47.124	566.60	1.1563	17.159	0.070219	vapor
510.00	0.054000	12.735	0.078526	19.061	23.301	134.09	38.798	47.124	566.61	1.1563	17.159	0.070220	vapor
510.00	0.055000	12.970	0.077098	19.061	23.301	133.94	38.798	47.124	566.61	1.1563	17.159	0.070220	vapor
510.00	0.056000	13.206	0.075722	19.061	23.301	133.79	38.798	47.125	566.61	1.1563	17.159	0.070220	vapor
510.00	0.057000	13.442	0.074393	19.061	23.301	133.64	38.798	47.125	566.61	1.1562	17.159	0.070221	vapor
510.00	0.058000	13.678	0.073111	19.061	23.301	133.49	38.798	47.125	566.61	1.1562	17.159	0.070221	vapor
510.00	0.059000	13.914	0.071871	19.061	23.301	133.35	38.798	47.125	566.61	1.1562	17.159	0.070221	vapor
510.00	0.060000	14.150	0.070673	19.061	23.301	133.21	38.798	47.126	566.61	1.1562	17.159	0.070222	vapor
510.00	0.061000	14.385	0.069515	19.061	23.301	133.07	38.798	47.126	566.61	1.1561	17.159	0.070222	vapor
510.00	0.062000	14.621	0.068394	19.061	23.301	132.94	38.798	47.126	566.62	1.1561	17.159	0.070223	vapor
510.00	0.063000	14.857	0.067308	19.061	23.301	132.81	38.798	47.126	566.62	1.1561	17.160	0.070223	vapor
510.00	0.064000	15.093	0.066256	19.061	23.301	132.67	38.798	47.127	566.62	1.1561	17.160	0.070223	vapor
510.00	0.065000	15.329	0.065237	19.060	23.301	132.55	38.798	47.127	566.62	1.1560	17.160	0.070224	vapor
510.00	0.066000	15.565	0.064249	19.060	23.301	132.42	38.798	47.127	566.62	1.1560	17.160	0.070224	vapor
510.00	0.067000	15.800	0.063290	19.060	23.301	132.29	38.798	47.127	566.62	1.1560	17.160	0.070224	vapor
510.00	0.068000	16.036	0.062359	19.060	23.301	132.17	38.798	47.128	566.62	1.1560	17.160	0.070225	vapor
510.00	0.069000	16.272	0.061455	19.060	23.301	132.05	38.799	47.128	566.62	1.1559	17.160	0.070225	vapor
510.00	0.070000	16.508	0.060577	19.060	23.301	131.93	38.799	47.128	566.63	1.1559	17.160	0.070226	vapor
510.00	0.071000	16.744	0.059724	19.060	23.301	131.81	38.799	47.128	566.63	1.1559	17.160	0.070226	vapor
510.00	0.072000	16.979	0.058895	19.060	23.301	131.69	38.799	47.129	566.63	1.1558	17.160	0.070226	vapor
510.00	0.073000	17.215	0.058088	19.060	23.300	131.58	38.799	47.129	566.63	1.1558	17.160	0.070227	vapor
510.00	0.074000	17.451	0.057303	19.060	23.300	131.47	38.799	47.129	566.63	1.1558	17.161	0.070227	vapor
510.00	0.075000	17.687	0.056539	19.060	23.300	131.35	38.799	47.129	566.63	1.1558	17.161	0.070227	vapor
510.00	0.076000	17.923	0.055795	19.060	23.300	131.24	38.799	47.130	566.63	1.1557	17.161	0.070228	vapor
510.00	0.077000	18.159	0.055070	19.060	23.300	131.14	38.799	47.130	566.64	1.1557	17.161	0.070228	vapor
510.00	0.078000	18.394	0.054364	19.060	23.300	131.03	38.799	47.130	566.64	1.1557	17.161	0.070229	vapor
510.00	0.079000	18.630	0.053676	19.060	23.300	130.92	38.799	47.130	566.64	1.1557	17.161	0.070229	vapor
510.00	0.080000	18.866	0.053005	19.060	23.300	130.82	38.799	47.131	566.64	1.1556	17.161	0.070229	vapor
510.00	0.081000	19.102	0.052351	19.060	23.300	130.71	38.799	47.131	566.64	1.1556	17.161	0.070230	vapor
510.00	0.082000	19.338	0.051712	19.060	23.300	130.61	38.799	47.131	566.64	1.1556	17.161	0.070230	vapor
510.00	0.083000	19.574	0.051089	19.059	23.300	130.51	38.799	47.131	566.64	1.1556	17.161	0.070230	vapor
510.00	0.084000	19.809	0.050481	19.059	23.300	130.41	38.799	47.132	566.64	1.1555	17.161	0.070231	vapor
510.00	0.085000	20.045	0.049887	19.059	23.300	130.31	38.799	47.132	566.65	1.1555	17.162	0.070231	vapor
510.00	0.086000	20.281	0.049307	19.059	23.300	130.22	38.799	47.132	566.65	1.1555	17.162	0.070232	vapor
510.00	0.087000	20.517	0.048740	19.059	23.300	130.12	38.799	47.132	566.65	1.1555	17.162	0.070232	vapor
510.00	0.088000	20.753	0.048187	19.059	23.300	130.02	38.799	47.133	566.65	1.1554	17.162	0.070232	vapor
510.00	0.089000	20.989	0.047645	19.059	23.300	129.93	38.799	47.133	566.65	1.1554	17.162	0.070233	vapor
510.00	0.090000	21.224	0.047116	19.059	23.300	129.84	38.799	47.133	566.65	1.1554	17.162	0.070233	vapor
510.00	0.091000	21.460	0.046598	19.059	23.299	129.74	38.799	47.133	566.65	1.1554	17.162	0.070233	vapor
510.00	0.092000	21.696	0.046091	19.059	23.299	129.65	38.799	47.134	566.65	1.1553	17.162	0.070234	vapor
510.00	0.093000	21.932	0.045596	19.059	23.299	129.56	38.799	47.134	566.66	1.1553	17.162	0.070234	vapor
510.00	0.094000	22.168	0.045111	19.059	23.299	129.47	38.799	47.134	566.66	1.1553	17.162	0.070234	vapor
510.00	0.095000	22.403	0.044636	19.059	23.299	129.39	38.799	47.134	566.66	1.1552	17.162	0.070235	vapor
510.00	0.096000	22.639	0.044171	19.059	23.299	129.30	38.799	47.135	566.66	1.1552	17.163	0.070235	vapor
510.00	0.097000	22.875	0.043716	19.059	23.299	129.21	38.799	47.135	566.66	1.1552	17.163	0.070236	vapor
510.00	0.098000	23.111	0.043270	19.059	23.299	129.13	38.799	47.135	566.66	1.1552	17.163	0.070236	vapor
510.00	0.099000	23.347	0.042832	19.059	23.299	129.04	38.800	47.135	566.66	1.1551	17.163	0.070236	vapor
510.00	0.10000	23.583	0.042404	19.059	23.299	128.96	38.800	47.136	566.66	1.1551	17.163	0.070237	vapor
