# Density, R value, Slope
    0.05    0.3022   0.021
     0.1    0.2499   0.029
    0.15    0.1863   0.029
     0.2    0.2133   0.036
    0.25    0.1491   0.032
     0.3   0.07834   0.019
    0.35  -0.05401  -0.017
     0.4   -0.2525  -0.095
    0.45   -0.3697   -0.18
     0.5   -0.3488   -0.23
    0.55   -0.5575   -0.45
     0.6   -0.6157   -0.74
    0.65   -0.6105    -1.2
     0.7   -0.6079    -1.8
    0.75   -0.2296    -1.2
     0.8    0.3981     3.0
    0.85    0.8266     5.2
     0.9    0.9422     4.8
    0.95    0.9892     4.8
     1.0    0.9918     5.0
    1.05    0.9974     5.3
     1.1     0.998     5.4
    1.15    0.9986     5.6
