# Density, R value, Slope
    0.05    0.4685   0.024
     0.1    0.5637   0.045
    0.15    0.5311   0.061
     0.2    0.4909   0.081
    0.25     0.327   0.075
     0.3     0.349    0.12
    0.35    0.2546   0.092
     0.4    0.1824     0.1
    0.45     0.177   0.078
     0.5  -0.01231 -0.0084
    0.55 -0.008033 -0.0064
     0.6  -0.06362  -0.086
    0.65   -0.2059   -0.43
     0.7    0.4459     1.8
    0.75    0.6381     3.3
     0.8    0.9361     4.6
    0.85    0.9697     4.8
     0.9    0.9933     5.3
    0.95    0.9946     5.2
     1.0    0.9955     5.3
    1.05    0.9973     5.5
     1.1     0.998     5.5
    1.15    0.9987     5.7
