# Density, R value, Slope
    0.05     0.406   0.025
     0.1    0.4215   0.041
    0.15    0.4939   0.061
     0.2     0.498   0.081
    0.25    0.3995   0.074
     0.3    0.3581   0.097
    0.35    0.2479   0.062
     0.4    0.1001   0.035
    0.45  0.004628  0.0019
     0.5   -0.1225  -0.067
    0.55   -0.2934   -0.24
     0.6   -0.3615   -0.41
    0.65   -0.3333   -0.76
     0.7   -0.3271   -0.98
    0.75   -0.1195   -0.59
     0.8    0.6534     4.4
    0.85    0.9751     4.6
     0.9    0.9758     4.8
    0.95    0.9951     5.1
     1.0    0.9965     5.2
    1.05    0.9974     5.4
     1.1    0.9983     5.5
    1.15    0.9989     5.6
