# Density, R value, Slope
    0.05    0.2957   0.021
     0.1    0.3582   0.039
    0.15    0.3332   0.052
     0.2    0.2607   0.049
    0.25    0.2225   0.048
     0.3    0.1495   0.038
    0.35   0.07378   0.021
     0.4  -0.05131  -0.017
    0.45   -0.1478  -0.058
     0.5   -0.2956   -0.17
    0.55   -0.4775    -0.3
     0.6   -0.4829   -0.57
    0.65   -0.5249    -0.9
     0.7   -0.5816    -1.6
    0.75   0.04894    0.29
     0.8    0.6569     3.7
    0.85    0.9195     4.7
     0.9    0.9881     4.8
    0.95    0.9903     4.9
     1.0    0.9974     5.2
    1.05    0.9974     5.3
     1.1    0.9982     5.5
    1.15    0.9986     5.6
