# Density, R value, Slope
    0.05     0.347   0.022
     0.1    0.3459   0.039
    0.15    0.2999    0.04
     0.2    0.2613   0.046
    0.25    0.1796   0.035
     0.3   0.09732   0.026
    0.35  -0.02016 -0.0057
     0.4   -0.1069  -0.032
    0.45    -0.258  -0.099
     0.5   -0.4273   -0.21
    0.55   -0.4679   -0.41
     0.6   -0.5287   -0.55
    0.65   -0.5859    -1.0
     0.7   -0.4519    -1.4
    0.75    0.3851     2.2
     0.8    0.4575     3.0
    0.85    0.8254     4.5
     0.9    0.9853     4.7
    0.95    0.9889     4.9
     1.0    0.9966     5.2
    1.05    0.9971     5.3
     1.1     0.998     5.5
    1.15    0.9988     5.6
