# Density, R value, Slope
    0.05    0.3105   0.021
     0.1     0.365   0.037
    0.15    0.2327   0.034
     0.2    0.2474   0.046
    0.25    0.1752   0.037
     0.3    0.1332   0.037
    0.35   0.01295  0.0034
     0.4   -0.2193   -0.08
    0.45   -0.2844   -0.13
     0.5   -0.4477   -0.25
    0.55   -0.5584   -0.47
     0.6   -0.6237   -0.76
    0.65   -0.6284    -1.1
     0.7   -0.6982    -1.7
    0.75   -0.2263    -1.2
     0.8    0.6515     3.8
    0.85    0.8647     5.1
     0.9    0.9831     4.7
    0.95    0.9922     4.8
     1.0    0.9987     5.3
    1.05    0.9969     5.3
     1.1    0.9981     5.4
    1.15    0.9987     5.6
