# Density, R value, Slope
    0.05    0.3505   0.024
     0.1    0.3959   0.039
    0.15    0.3888   0.055
     0.2    0.3421   0.065
    0.25    0.2736   0.055
     0.3    0.2692   0.063
    0.35   0.08126   0.024
     0.4   0.01726   0.006
    0.45   -0.1361  -0.053
     0.5   -0.2183   -0.12
    0.55   -0.3777   -0.27
     0.6    -0.451   -0.56
    0.65   -0.4414   -0.77
     0.7   -0.4053    -1.3
    0.75    0.0863    0.51
     0.8    0.7057     3.7
    0.85    0.9306     4.6
     0.9    0.9842     4.7
    0.95    0.9904     5.0
     1.0    0.9957     5.2
    1.05    0.9975     5.3
     1.1    0.9981     5.5
    1.15    0.9987     5.6
