# Density, R value, Slope
    0.05    0.4158   0.023
     0.1    0.5066   0.044
    0.15    0.4454   0.057
     0.2    0.4205   0.067
    0.25    0.3688    0.07
     0.3    0.3848   0.091
    0.35    0.1531   0.049
     0.4    0.1406   0.052
    0.45   0.07452    0.03
     0.5    -0.124   -0.07
    0.55   -0.2621   -0.19
     0.6   -0.1862   -0.23
    0.65   -0.2904   -0.61
     0.7   -0.2623    -0.8
    0.75    0.1681    0.78
     0.8    0.8223     4.4
    0.85    0.9751     4.7
     0.9    0.9849     4.9
    0.95    0.9944     5.1
     1.0     0.996     5.3
    1.05    0.9972     5.4
     1.1    0.9981     5.5
    1.15    0.9988     5.7
