# Density, R value, Slope
    0.05    0.4976   0.026
     0.1    0.4839   0.044
    0.15    0.5417   0.065
     0.2    0.5271   0.078
    0.25    0.4359   0.081
     0.3     0.385    0.11
    0.35     0.291   0.098
     0.4    0.2743     0.1
    0.45    0.2022   0.094
     0.5   0.01677    0.01
    0.55  -0.09017  -0.085
     0.6   -0.1184   -0.15
    0.65   -0.2951   -0.59
     0.7   -0.2715   -0.81
    0.75    0.6655     3.0
     0.8    0.9059     4.2
    0.85    0.9752     4.7
     0.9    0.9845     4.9
    0.95    0.9943     5.2
     1.0     0.996     5.3
    1.05    0.9974     5.4
     1.1    0.9986     5.5
    1.15    0.9984     5.7
