# Density, R value, Slope
    0.05    0.3458    0.02
     0.1    0.4472   0.041
    0.15    0.4372   0.052
     0.2    0.3613   0.058
    0.25    0.3357   0.069
     0.3     0.248    0.06
    0.35    0.1118   0.037
     0.4   0.09791    0.03
    0.45  -0.05529  -0.022
     0.5   -0.2286   -0.11
    0.55     -0.39   -0.28
     0.6   -0.4286   -0.41
    0.65   -0.5553   -0.97
     0.7   -0.3576   -0.97
    0.75    0.1438    0.72
     0.8    0.9027     4.3
    0.85    0.9765     4.5
     0.9    0.9841     4.8
    0.95    0.9983     5.2
     1.0     0.997     5.2
    1.05    0.9975     5.4
     1.1    0.9984     5.5
    1.15    0.9986     5.7
