# Density, R value, Slope
    0.05    0.5224   0.027
     0.1    0.5147   0.044
    0.15     0.558   0.059
     0.2     0.433   0.076
    0.25    0.3241    0.11
     0.3    0.1482    0.11
    0.35    0.2373    0.12
     0.4     0.133    0.12
    0.45    0.2336    0.22
     0.5   0.09296    0.11
    0.55  -0.08275   -0.12
     0.6     0.112    0.22
    0.65  -0.03459    -0.1
     0.7   0.01806   0.073
    0.75    0.7182     4.0
     0.8    0.9503     4.7
    0.85    0.9691     4.8
     0.9    0.9897     5.2
    0.95    0.9929     5.2
     1.0     0.996     5.3
    1.05    0.9974     5.4
     1.1    0.9983     5.6
    1.15    0.9986     5.7
