   9.1000e+01  -4.8508e+02
   9.5000e+01  -4.4318e+02
   1.0000e+02  -3.9813e+02
   1.1000e+02  -3.2886e+02
   1.2000e+02  -2.7609e+02
   1.4000e+02  -2.0521e+02
   1.6000e+02  -1.5979e+02
   1.9000e+02  -1.1530e+02
   1.9500e+02  -1.0959e+02
   2.1000e+02  -9.4626e+01
   2.4000e+02  -7.1664e+01
   2.7000e+02  -5.4951e+01
   3.0000e+02  -4.2107e+01
   3.3000e+02  -3.2116e+01
   3.6000e+02  -2.4085e+01
   3.9000e+02  -1.7370e+01
   4.2000e+02  -1.2032e+01
   4.5000e+02  -7.1683e+00
   4.8000e+02  -3.1610e+00
   5.1000e+02   1.0731e-01
   5.4000e+02   3.0771e+00
   5.7000e+02   5.8225e+00
   6.0000e+02   8.2306e+00
