            108
     4.76220322
  -1.9760477543  -1.9862403870  -2.2042951584
  -1.9827091694  -0.9727063775  -1.3971498013
  -1.0890862942  -0.9556332827  -2.1172261238
  -1.1824733019  -1.6261191368  -1.3652483225
  -0.3760979474  -1.8635158539  -2.2426192760
  -0.2985857725  -1.0919156075  -1.4100849628
   0.5614421964  -0.9805396795  -2.2967672348
   0.4649860561  -1.8762601614  -1.5002914667
   1.2226920128  -1.8665699959  -2.3018724918
   1.1568704844  -1.0809694529  -1.3311730623
   1.9067748785  -1.0710880756  -2.1567533016
   1.9533455372  -1.7041025162  -1.3821288347
  -2.0222051144  -0.2702020407  -2.1103458405
  -2.1531291008   0.5804108381  -1.4120209217
  -1.3904377222   0.5305588245  -2.0796275139
  -1.1522420645  -0.1497254372  -1.3167771101
  -0.4065618217  -0.1441158801  -2.0514504910
  -0.4892421663   0.6154560447  -1.3876088858
   0.3579666913   0.5776699781  -2.1422340870
   0.4795779884  -0.2876232862  -1.5450392962
   1.2166919708  -0.1747086793  -2.3608922958
   1.0877764225   0.6146804690  -1.4251734018
   1.8590332270   0.6427688003  -2.1984858513
   1.8754653931  -0.2866327763  -1.5263215303
  -2.1201872826   1.4860227108  -2.1378645897
  -1.9957828522   2.3266186714  -1.2978644371
  -1.1782219410   2.1688330173  -2.2042422295
  -1.1547317505   1.3684912920  -1.5508922338
  -0.4277380705   1.4699568748   2.3721337318
  -0.4937394857   2.1684277058  -1.3806748390
   0.3820059896   2.2100729942  -2.2681071758
   0.2707981467   1.2946897745  -1.3909471035
   1.0425033569   1.3796476126  -2.2282023430
   1.1220898628   2.0961527824  -1.3717886209
   1.8724402189   2.1463842392  -2.1246294975
   1.9423800707   1.3302389383  -1.3620631695
  -2.1765723228  -1.7916744947  -0.5538141131
  -1.9366202354  -0.7854031324   0.1323342025
  -0.9518988729  -0.9692233205  -0.6119034886
  -1.2062640190  -1.7388166189   0.0331633165
  -0.3821498156  -1.7918496132  -0.5328682065
  -0.2680751085  -1.1154352427   0.2219197601
   0.5227428079  -1.0000587702  -0.4482018054
   0.4951969981  -1.7617263794   0.2120082974
   1.1781706810  -1.9410258532  -0.6822160482
   1.2537561655  -1.0092334747   0.2751767635
   1.9849282503  -0.8752962947  -0.4925289452
   1.8219240904  -1.9250153303   0.2528563440
  -1.9894126654  -0.1746957153  -0.7441815138
  -1.8297078609   0.4231809080   0.1576443613
  -1.1540180445   0.5767844319  -0.5949148536
  -1.0713441372  -0.2561161816   0.1367981285
  -0.1997704059  -0.2498865277  -0.6852812767
  -0.3162927032   0.4664056003   0.2577014267
   0.4914991856   0.4923693836  -0.6035156846
   0.4685794711  -0.2474915683   0.3145762980
   1.2106733322  -0.2233049572  -0.4347440600
   1.1175782681   0.5228662491   0.2895640731
   2.0954334736   0.5431272984  -0.4913606048
   2.0275692940  -0.1922287643   0.2793623507
  -1.8540680408   1.3809682131  -0.6946153641
  -2.0464634895   2.1374857426   0.0858702362
  -1.1683033705   2.2055330276  -0.5930663347
  -1.0642400980   1.1854091883   0.2474844456
  -0.4810615182   1.3780040741  -0.5733680129
  -0.5055521131   2.1899366379   0.2542316914
   0.2426854074   2.1438047886  -0.5142042637
   0.2679238915   1.3253393173   0.1029561907
   1.1642677784   1.2491948605  -0.6128609180
   1.0875570774   2.0554587841   0.0222911630
   1.9610882998   2.1119415760  -0.7298368216
   1.9581680298   1.4343882799   0.2688740194
  -1.9007738829  -1.8658740520   0.8088306785
  -1.8805664778  -1.0635880232   1.9074097872
  -1.3275840282  -0.9910779595   0.9803559780
  -1.2771561146  -1.8606474400   1.8366410732
  -0.5062413216  -1.7990645170   0.9836007357
  -0.3698444664  -1.0158494711   1.7345678806
   0.3781882524  -1.0445711613   1.0195471048
   0.4157535136  -1.7889320850   1.7660218477
   1.1312017441  -1.7953087091   0.9922137856
   1.2379506826  -1.0622395277   1.6677931547
   2.0501778126  -1.1486251354   0.9531261325
   2.0694196224  -1.8145265579   1.8556358814
  -2.0232915878  -0.2299370915   1.0592131615
  -2.0857923031   0.6238631010   1.8696956635
  -1.1180348396   0.4979005754   0.9716734290
  -1.1448342800  -0.2161082476   1.7182856798
  -0.4271160364  -0.4121772945   0.9165126085
  -0.3840190172   0.5739011765   1.7996819019
   0.3843143284   0.5196185708   0.9833557010
   0.3659194410  -0.2806144655   1.7128361464
   1.2637132406  -0.2484144121   0.9281822443
   1.2411860228   0.6154761910   1.5500367880
   2.0906386375   0.7609759569   1.0236638784
   2.0241982937  -0.3729644120   1.8257387877
  -1.9259048700   1.4433835745   0.8192056417
  -2.0981445312   2.0986590385   1.8319783211
  -1.1989107132   2.1675419807   0.9815610051
  -1.2129799128   1.3445928097   1.7026633024
  -0.3384127319   1.4015593529   0.9926440716
  -0.3444088697   2.2482118607   1.7355821133
   0.4342399836   2.1902811527   0.8414747715
   0.3829710782   1.3479132652   1.6932859421
   1.0687832832   1.4037027359   0.8435688019
   1.1128096581   2.0625162125   1.7952941656
   1.8988468647   2.1093857288   1.0202827454
   1.9031454325   1.4326258898   1.9129880667
