            108
     4.76220322
  -1.8220682144  -2.2400820255  -2.3073279858
  -1.7100412846  -1.3063890934  -1.4534821510
  -1.1780396700  -1.3734986782   2.3644123077
  -1.0143643618  -2.0540699959  -1.5965666771
  -0.2269394100  -2.1326901913   2.3663649559
  -0.1034525782  -1.4935882092  -1.4856997728
   0.5085601211  -1.4233391285  -2.2927656174
   0.7099151611  -2.1196866035  -1.5250232220
   1.4135942459  -2.1125016212  -2.3566875458
   1.3863207102  -1.3708083630  -1.4563616514
   2.1440942287  -1.2820107937  -2.1871540546
   2.1706264019  -2.1525664330  -1.4063847065
  -1.7283113003  -0.5755417347  -2.1477689743
  -1.6105819941   0.1669858545  -1.4175161123
  -0.8872032762   0.1346291006  -2.1675217152
  -0.9066988826  -0.6837517023  -1.3715758324
  -0.1504056454  -0.5917683840  -2.2979857922
  -0.0781009197   0.2343380302  -1.3416433334
   0.6246148348   0.2242315412  -2.1753754616
   0.5690768361  -0.7443590164  -1.4996446371
   1.4371390343  -0.5173420310  -2.0045797825
   1.3686951399   0.2448339164  -1.2919286489
   2.2219531536   0.2637337744  -2.1459693909
   2.3001542091  -0.5143638849  -1.4707767963
  -1.6849507093   0.8474076390  -2.2488842010
  -1.8002574444   1.7925919294  -1.4526475668
  -0.8611583710   1.8302530050  -2.1325984001
  -0.9757403731   1.0053538084  -1.5467735529
  -0.1995494515   1.0738927126  -2.2074582577
  -0.0149960052   1.7971628904  -1.5086337328
   0.5385136604   1.8224098682  -2.3657116890
   0.6281883121   1.0374673605  -1.2945942879
   1.4680782557   1.0309549570  -2.2883634567
   1.3952934742   1.8591591120  -1.6715817451
   2.3627660275   1.6062777042  -2.2387785912
   2.0899989605   1.0388063192  -1.4072995186
  -1.9361116886  -2.2730703354  -0.6189001203
  -1.8911908865  -1.2950391769   0.1459777802
  -1.1338605881  -1.5016757250  -0.5495486856
  -0.9085350633  -2.1667125225   0.2889460325
  -0.3754754364  -2.2144262791  -0.6892239451
  -0.0553321093  -1.4532128572   0.0316276997
   0.6180855632  -1.3957667351  -0.7369554639
   0.7072303891  -2.1158895493   0.1060150862
   1.4354485273  -2.1661643982  -0.6419144273
   1.3210501671  -1.3143613338   0.1216722354
   2.1623971462  -1.2530720234  -0.6400627494
   2.1144478321  -2.2352027893   0.1235236451
  -1.7522753477  -0.6282404065  -0.7032297254
  -1.7971913815   0.2017158568   0.2376442999
  -0.9535478354   0.2560556531  -0.6568704247
  -0.9425796866  -0.6925077438   0.0372785330
  -0.1159597039  -0.6853978038  -0.7489264607
  -0.2405334413   0.1662753820   0.1356119066
   0.6231208444   0.3052767217  -0.5171176195
   0.5435353518  -0.5956892371   0.0580166876
   1.4277633429  -0.4854356349  -0.6001932621
   1.3053034544   0.2198704630   0.2484977245
   2.2786867619   0.2277886719  -0.7222317457
   2.2425456047  -0.4898651242   0.0976750553
  -1.7331769466   0.9125382900  -0.7473401427
  -1.8241857290   1.7998183966   0.1781840920
  -1.0841736794   1.8284789324  -0.6205800176
  -0.9324538708   0.9592891932   0.1453883201
  -0.2876985967   1.0869747400  -0.7587089539
  -0.2078031898   1.8239763975   0.0834867135
   0.6444510221   1.8016186953  -0.6189487576
   0.4851009250   1.0685576200   0.1419080943
   1.4380437136   0.8986220360  -0.5182589889
   1.4318441153   1.7346322536   0.1465155482
   2.0734574795   1.7840396166  -0.6828129888
   2.2146868706   0.9025070667   0.1272435784
  -1.8094427586  -2.1350069046   0.7734511495
  -2.0056412220  -1.2525424957   1.6425333023
  -1.1317452192  -1.2621042728   0.9917545915
  -1.1026889086  -2.2531430721   1.6498725414
  -0.0886192173  -2.0262467861   0.9252997041
  -0.2295405418  -1.2852996588   1.6268639565
   0.5523303151  -1.1359494925   0.9955546260
   0.5446106195  -2.1199941635   1.7130887508
   1.2992706299  -2.0855476856   1.0522482395
   1.4340741634  -1.2875980139   1.8304293156
   2.1132559776  -1.4328837395   0.8117910028
   2.2635595798  -2.1560537815   1.7071838379
  -1.9088215828  -0.5391298532   0.9101500511
  -1.6643331051   0.2270387113   1.5934728384
  -0.8892993927   0.2215944380   0.9037886262
  -0.9107534885  -0.4763445556   1.7536935806
  -0.2356233299  -0.5351833701   0.8561196923
  -0.0972032174   0.2558995485   1.7908940315
   0.5334107876   0.1338755637   0.9961947799
   0.6413704753  -0.5883685946   1.8352234364
   1.3254240751  -0.4818008542   1.0499489307
   1.4137609005   0.2800172269   1.7122044563
   2.1049523354   0.1605105251   0.8628637791
   2.2652478218  -0.3570751250   1.8254187107
  -1.7602021694   1.0064767599   0.9117369056
  -1.6743605137   1.6635671854   1.7151331902
  -0.9805864096   1.7115961313   0.8790116906
  -0.9017321467   0.9363028407   1.8386617899
  -0.2056840360   1.0186995268   1.0226157904
  -0.1414203495   1.9168449640   1.5453847647
   0.7264146805   1.8414772749   0.9018198848
   0.6083597541   1.0432121754   1.6800334454
   1.5069874525   1.1507220268   0.9771284461
   1.3594928980   1.7607630491   1.7686820030
   2.3089392185   1.8041604757   1.0198104382
   2.3370394707   0.8852545023   1.7780392170
