            108
     4.76220322
  -1.9142177105  -2.0489079952  -2.1946985722
  -1.8081231117  -1.3426862955  -1.4176373482
  -1.0464257002  -1.3704173565  -2.2009634972
  -0.8829751015  -2.1341257095  -1.3529533148
  -0.2385076135  -2.1031928062  -2.3221409321
  -0.1134331301  -1.1209275723  -1.4094350338
   0.4635385275  -1.3359236717  -2.2389907837
   0.4901385903  -2.0587222576  -1.4252792597
   1.2909637690  -2.0174880028  -2.0444295406
   1.3235750198  -1.2441030741  -1.2944270372
   2.0952298641  -1.2915809155  -2.2375617027
   2.0114779472  -2.0929541588  -1.2415413857
  -1.8766628504  -0.6854535341  -2.3321948051
  -1.7604330778   0.2176739126  -1.5018172264
  -1.0548975468   0.0166215934  -2.2718269825
  -1.0676565170  -0.6526345611  -1.4956512451
  -0.2801268399  -0.6306715012  -2.2755131721
  -0.2902765274   0.1951785237  -1.5928092003
   0.6318553686   0.2062092423  -2.3411247730
   0.5409936905  -0.3577498198  -1.3574632406
   1.2307299376  -0.6308181286  -2.2957389355
   1.3759213686   0.2374769896  -1.5135077238
   1.9935306311   0.3095380962  -2.2992191315
   2.1313841343  -0.5567950606  -1.5601344109
  -1.9316493273   0.9961745739  -2.1781330109
  -1.7599558830   1.6938344240  -1.3416779041
  -1.1209894419   1.7586970329  -2.1130864620
  -1.0303777456   0.9382029176  -1.5423171520
  -0.2490181923   1.0207506418  -2.2251348495
  -0.2415544689   1.8021942377  -1.5272750854
   0.6390598416   1.9423089027  -2.1158545017
   0.5473675728   0.9247785211  -1.4623696804
   1.2234916687   1.1130151749  -2.2115635872
   1.2969557047   1.7677360773  -1.3388125896
   2.0140664577   1.9129626751  -2.0828661919
   2.1260282993   0.9520696402  -1.3372187614
  -1.7907962799  -2.1343083382  -0.7304083705
  -1.8530441523  -1.4968776703   0.2049356848
  -0.9893697500  -1.3179880381  -0.6483823061
  -1.0115109682  -2.3037128448   0.0755545348
  -0.2312292755  -2.2381720543  -0.5882102847
  -0.3937499821  -1.2058424950   0.1537974626
   0.5085753798  -1.1852627993  -0.4414076507
   0.5654471517  -2.1641328335   0.1497749686
   1.1958085299  -2.1590437889  -0.6465555429
   1.3050051928  -1.3380547762   0.1655507237
   2.3022246361  -1.3557125330  -0.5809214711
   2.1523849964  -2.2056391239   0.1604684442
  -1.7834544182  -0.5472300053  -0.7601266503
  -1.7522242069   0.1963267475   0.0596297234
  -1.0512064695   0.1794730425  -0.7959883809
  -1.1082786322  -0.5433503389   0.3948175609
  -0.2357693613  -0.4246078730  -0.6622215509
  -0.3341014981   0.2463475466   0.3550852835
   0.6332114339   0.3215420246  -0.5414713621
   0.4515946805  -0.3974828422   0.3365999460
   1.3973003626  -0.5537725091  -0.5719996095
   1.3277105093   0.2033823580   0.3326202333
   2.1806797981   0.1303585470  -0.7028235197
   2.0841159821  -0.5644522905   0.2169079036
  -1.9182078838   0.9998843074  -0.5992080569
  -1.9944432974   1.7314035892   0.1649650931
  -0.9643517137   1.6034742594  -0.7249061465
  -1.1544781923   1.0184614658   0.1612684578
  -0.2508222759   0.8252966404  -0.5518234968
  -0.3229961693   1.6629320383   0.2497768849
   0.4702700377   1.7425051928  -0.6426913142
   0.5213557482   1.0474098921   0.1906159669
   1.2784680128   1.1292103529  -0.4795802832
   1.3210495710   1.8865891695   0.2028869987
   2.0197157860   1.7992956638  -0.5794012547
   1.9792658091   1.0961318016   0.3124286830
  -1.8410123587  -2.3061268330   0.8795260787
  -1.9658796787  -1.3623212576   1.6591929197
  -1.1913528442  -1.4260936975   0.9810491204
  -1.1443051100  -2.2771000862   1.8339021206
  -0.3022347391  -2.0573315620   0.8033407927
  -0.3511097431  -1.3596673012   1.7644882202
   0.5520540476  -1.3291068077   0.8819406629
   0.5127308965  -2.1255388260   1.7183097601
   1.2715438604  -2.0233609676   0.9559503198
   1.3472585678  -1.4627317190   1.8674122095
   2.0110673904  -1.3434194326   0.8893271089
   2.1033747196  -2.1307423115   1.8949667215
  -1.9534637928  -0.5960970521   0.9899610281
  -1.8155225515   0.1765440702   1.8252128363
  -1.1751016378   0.4247227609   1.0466761589
  -1.1123170853  -0.5476006269   1.6508719921
  -0.3063650727  -0.6566592455   1.0125377178
  -0.1425359696   0.1290829480   1.6841493845
   0.5525178313   0.3865011930   0.9594307542
   0.4714681208  -0.7267448306   1.6788243055
   1.3017854691  -0.6165405512   1.0016623735
   1.3745507002   0.2694135010   1.5740655661
   2.3109164238   0.2860754728   0.7965870500
   2.0537571907  -0.5356293917   1.7846462727
  -2.0366439819   1.1696294546   1.0234595537
  -1.9894173145   1.7548601627   1.9183098078
  -1.0670915842   1.7639079094   0.9610701203
  -1.0205826759   1.1177555323   1.8498615026
  -0.2792880535   0.9880943298   1.0859439373
  -0.2816962302   1.9057135582   1.6809258461
   0.5449086428   1.8682301044   0.8877426386
   0.4326425493   1.1176592112   1.7761560678
   1.2728382349   1.1602642536   1.0943528414
   1.3046941757   2.0272393227   1.8272793293
   2.0052628517   1.8848686218   0.9942775965
   1.9984363317   1.1084326506   1.8078814745
