            108
     4.76220322
  -2.0461452007  -1.9999274015   2.3624708652
  -1.9541871548  -1.1405625343  -1.3545590639
  -1.3356691599  -1.0570896864  -2.2663469315
  -1.3302330971  -2.0635166168  -1.3941185474
  -0.6226183772  -1.9274884462  -2.1933174133
  -0.5140172839  -1.1775587797  -1.4515203238
   0.3199067414  -1.3026700020  -2.1780993938
   0.2593759596  -1.9061411619  -1.3296114206
   1.1892760992  -1.9904463291  -2.3100683689
   1.0992525816  -1.2884178162  -1.3753859997
   1.9138851166  -1.1950459480  -2.1433784962
   1.9313962460  -1.9397042990  -1.3737767935
  -2.1462767124  -0.3945250809  -2.1765139103
  -2.0996446609   0.3712086380  -1.0810040236
  -1.3855659962   0.2690037787  -2.2678210735
  -1.2688769102  -0.4012604952  -1.3390332460
  -0.4528097510  -0.2423505187  -2.3341326714
  -0.5225510597   0.4610343277  -1.4653754234
   0.3532334566   0.3955196738  -2.3233053684
   0.3219515383  -0.2813133299  -1.3505889177
   1.0522540808  -0.4622745514  -2.2056031227
   1.0889517069   0.3733025193  -1.5097119808
   1.7630761862   0.5011878014  -2.3367035389
   1.7866657972  -0.4200747907  -1.4779869318
  -1.9064817429   1.1685417891  -2.1749033928
  -2.1355187893   1.9912904501  -1.2537941933
  -1.3240113258   1.9940024614  -2.1874587536
  -1.2263646126   1.2111253738  -1.4278010130
  -0.4177016914   1.0885978937  -2.3403325081
  -0.5328879952   1.9515341520  -1.4737029076
   0.2951301336   2.2684700489  -2.2098557949
   0.2857169509   1.2491058111  -1.5050734282
   1.0670331717   1.2918373346  -2.2572286129
   1.0283174515   2.0295333862  -1.4966757298
   1.9850159883   1.9607268572   2.3014862537
   2.0463764668   1.1869415045  -1.4581458569
  -2.0935530663  -1.8245383501  -0.6179734468
  -1.9440938234  -1.2465963364   0.1953838170
  -1.2568303347  -1.1213673353  -0.5638679266
  -1.1720170975  -1.9429416656   0.0884717703
  -0.5082936287  -1.8418413401  -0.6646250486
  -0.4098428190  -1.1791534424   0.1131715775
   0.4347160161  -1.2204234600  -0.6077568531
   0.2714782953  -1.9842568636   0.1748654246
   1.1379582882  -2.0207056999  -0.6518511176
   1.0728996992  -1.1657201052   0.1770426184
   1.8611978292  -1.1783412695  -0.5918922424
   1.8882389069  -1.8632209301   0.1877293587
  -2.0837004185  -0.5505083203  -0.5194962621
  -2.1399402618   0.4057897627   0.2048360407
  -1.1970013380   0.4165213704  -0.5400801301
  -1.2418444157  -0.3583180308   0.1818736196
  -0.4448187351  -0.4177345037  -0.6074360609
  -0.3550389707   0.4016519189   0.0979842916
   0.4043084383   0.4432930350  -0.6397501826
   0.3623249233  -0.3907580078   0.0593494214
   1.1891171932  -0.4385444522  -0.6756286621
   1.1073344946   0.5845716000   0.1992060989
   1.7126456499   0.4777957201  -0.7302834988
   1.8107169867  -0.1737757474   0.0653139874
  -2.0099170208   1.1931426525  -0.5035561323
  -2.0919659138   2.0927817822  -0.0169506501
  -1.2915855646   2.0061740875  -0.6340511441
  -1.2097473145   1.2552628517   0.1109092981
  -0.4936106503   1.2326750755  -0.7376501560
  -0.4775806367   2.0553297997   0.0380847529
   0.3390145600   2.0465953350  -0.6850222349
   0.2963925302   1.4210770130   0.0953529254
   1.0367029905   1.2418601513  -0.8162265420
   1.1709975004   2.1448364258   0.1641872376
   1.8037499189   1.8971327543  -0.6723871231
   1.9611274004   1.2862290144   0.1501925737
  -2.0365984440  -1.9625377655   0.9182713032
  -2.0248548985  -1.1647871733   1.7465755939
  -1.2718702555  -1.1485117674   0.9666674137
  -1.2458910942  -1.9781993628   1.7536287308
  -0.5538753867  -1.8481552601   0.9722585082
  -0.5415070057  -1.2213152647   1.8024945259
   0.3165878057  -1.2350640297   0.9219780564
   0.2817882001  -1.9258209467   1.6487938166
   1.1460424662  -1.9791585207   1.0749166012
   1.2074933052  -1.2245074511   1.7489947081
   2.0756144524  -1.1610379219   0.8775159717
   1.9836889505  -2.0356934071   1.6460261345
  -2.0374841690  -0.3445622921   0.9549977779
  -2.0423274040   0.5453279614   1.4980123043
  -1.2579985857   0.4828449190   0.7669250965
  -1.3339617252  -0.4357022047   1.6723151207
  -0.4347222149  -0.5191131234   0.9231957197
  -0.4013163447   0.4092188776   1.6318862438
   0.3518819511   0.4807780981   0.9185902476
   0.2811228037  -0.4400093257   1.6949247122
   1.1145186424  -0.3501305580   0.7819496989
   1.0035896301   0.5294312239   1.6776071787
   1.8793019056   0.3040490746   0.9680017829
   1.9395532608  -0.3425351679   1.8224351406
  -1.9724798203   1.2531671524   0.7906408310
  -1.9887826443   2.0517621040   1.6502259970
  -1.3000986576   2.0515007973   0.8709827065
  -1.1762907505   1.2089520693   1.7136301994
  -0.4167222977   1.1986175776   0.8144218326
  -0.5193707347   1.9790076017   1.5677754879
   0.2773776054   2.0427584648   0.9506756663
   0.3109268546   1.2818945646   1.6835926771
   1.2026792765   1.3817443848   0.8451762795
   1.1035269499   2.0303211212   1.7649160624
   2.0009567738   2.0427446365   0.8728884459
   1.8067748547   1.2296667099   1.6396114826
