            108
     4.76220322
  -1.8412015438  -1.9166308641  -1.9746117592
  -2.0575103760  -1.1414431334  -1.3576214314
  -1.0736196041  -1.1838738918  -2.0873348713
  -1.0674945116  -1.9231399298  -1.1679955721
  -0.4618508518  -2.0287885666  -1.9691169262
  -0.1653297395  -1.0661275387  -1.3741695881
   0.4003275037  -1.1565421820  -2.1957569122
   0.4485927522  -2.0378754139  -1.2696872950
   1.2553405762  -1.8698121309  -2.2168946266
   1.0863808393  -1.1803902388  -1.4322464466
   2.0320007801  -1.1654175520  -2.1440095901
   1.9563146830  -1.8534419537  -1.3809515238
  -2.0057778358  -0.2355945706  -1.9313493967
  -1.7232521772   0.4389531612  -1.1966756582
  -1.2485920191   0.4226438999  -2.0775835514
  -1.1922601461  -0.5134719014  -1.3535708189
  -0.3037683070  -0.3360500932  -2.0713419914
  -0.4948366284   0.4755799174  -1.2941470146
   0.5107665658   0.5281862617  -2.0492758751
   0.6051820517  -0.1926430017  -1.2789882421
   1.1632715464  -0.2806530595  -2.1578407288
   1.2219436169   0.5977582932  -1.2064012289
   1.9880818129   0.4892653823  -1.9206502438
   1.8715773821  -0.4551107883  -1.4237195253
  -1.9885334969   1.3854029179  -2.1128392220
  -1.9480755329   2.0302116871  -1.2981365919
  -1.1110291481   1.8980969191  -2.3558328152
  -1.1270173788   1.3648487329  -1.5040428638
  -0.2904734612   1.3901352882  -2.0720772743
  -0.3908046484   1.9768736362  -1.2110862732
   0.4825389981   2.0372016430  -2.1607317924
   0.4535018504   1.3749079704  -1.3037681580
   1.3213070631   1.3346952200  -2.1347687244
   1.2989484072   2.0741901398  -1.4102478027
   2.0925281048   2.1208329201  -2.0477983952
   1.9874516726   1.3082795143  -1.3223216534
  -2.0345807076  -1.7618482113  -0.5184024572
  -1.8963909149  -1.0125569105   0.2933209836
  -1.1459147930  -1.0546096563  -0.4843136072
  -1.2065331936  -1.8828845024   0.2113656253
  -0.2791336775  -1.7653763294  -0.4958308041
  -0.3236838877  -1.1795846224   0.3521376550
   0.4812827110  -1.0059772730  -0.5386534929
   0.3710228205  -2.0238640308   0.2278206944
   1.1026134491  -1.9475294352  -0.4575621188
   1.2801179886  -1.0641827583   0.3285706937
   1.9440078735  -1.0612134933  -0.5225300193
   1.9008749723  -1.8921350241   0.3216385245
  -1.9847598076  -0.4790457785  -0.5776238441
  -1.9335068464   0.4444731772   0.3205315471
  -1.1632039547   0.3932324648  -0.3275730312
  -1.0690381527  -0.4249411225   0.3657621741
  -0.3530653119  -0.4341636598  -0.6137873530
  -0.3253728747   0.4252379835   0.3431970179
   0.3880920410   0.5726184845  -0.4190652668
   0.4949856400  -0.3774933815   0.2427621335
   1.2512081861  -0.3135149479  -0.5180489421
   1.3017224073   0.5114702582   0.1390742809
   2.0324208736   0.3791230619  -0.5450068116
   2.0615057945  -0.2463527322   0.2961947918
  -2.0529458523   1.2256150246  -0.4611679316
  -2.0768284798   2.1850321293   0.2139332145
  -1.2516357899   2.0287876129  -0.5594920516
  -1.1863588095   1.1848523617   0.3379271030
  -0.5228155851   1.1967477798  -0.4463884532
  -0.3339687884   1.9960663319   0.1660390049
   0.4161142409   2.0375106335  -0.5076221824
   0.4940515161   1.2041295767   0.3895020783
   1.2541801929   1.3560878038  -0.4412767589
   1.1639491320   2.0613834858   0.3576661050
   1.9624267817   2.1434426308  -0.6280487180
   1.9161230326   1.3776544333   0.3219456673
  -1.9263815880  -1.8705267906   1.0700658560
  -1.8742133379  -1.1196268797   1.8362380266
  -1.1307688951  -1.1637971401   1.0845549107
  -1.0035380125  -1.9449217319   1.8620972633
  -0.3785171509  -2.0540490150   0.9002170563
  -0.4097219408  -1.0834747553   1.8813743591
   0.3013291359  -1.1513730288   1.1795990467
   0.4824556708  -1.8910565376   1.8909529448
   1.1110285521  -1.7458775043   1.0707685947
   1.1714646816  -1.0552003384   1.9152286053
   2.0358462334  -1.2116060257   1.0601884127
   2.0551962852  -1.8424597979   1.8460847139
  -2.0598728657  -0.4237081409   1.1131522655
  -1.9245020151   0.5402825475   1.8308727741
  -1.0682091713   0.4049777687   1.0206018686
  -1.1865692139  -0.3530023992   1.8488007784
  -0.2583292425  -0.2748639882   1.0873090029
  -0.4425905347   0.5223610401   2.0760569572
   0.6605460048   0.3028895557   0.9648441672
   0.4419725835  -0.2228358537   1.8492290974
   1.4214296341  -0.3546598554   1.1006152630
   1.3017616272   0.5217987895   1.9198952913
   2.0449407101   0.5152060986   1.0695706606
   2.1095407009  -0.4285970032   1.9193783998
  -2.0541098118   1.2672089338   1.0249946117
  -1.9138530493   1.9704027176   1.7343167067
  -1.2285922766   2.0958065987   0.8593603969
  -1.2125071287   1.2276396751   1.5727379322
  -0.2716813684   1.0164737701   1.1741423607
  -0.3463755846   1.9273271561   1.7015880346
   0.4675282836   2.1566841602   1.0826170444
   0.5185829997   1.3270778656   1.8782658577
   1.2070446014   1.3534731865   1.1411893368
   1.2451217175   2.1026844978   1.8103963137
   1.9663861990   2.0703024864   1.0797299147
   2.0241756439   1.3797787428   1.8649953604
