            108
     4.76220322
  -1.9301358461  -2.0865907669  -2.1278262138
  -1.9291392565  -1.2801975012  -1.3247134686
  -1.1605207920  -1.3388363123  -1.9892190695
  -1.1820858717  -2.1418254375  -1.2789297104
  -0.3780494034  -2.0227136612  -2.1281373501
  -0.4908694029  -1.3391628265  -1.2346305847
   0.4034419358  -1.2906609774  -2.0131633282
   0.4854108989  -2.0024340153  -1.2734225988
   1.2759264708  -2.1602678299  -2.1149525642
   1.2901756763  -1.2741330862  -1.4067811966
   2.0988471508  -1.3613303900  -2.0786023140
   2.0629515648  -2.0811269283  -1.1713845730
  -1.8560241461  -0.5253755450  -2.0893855095
  -1.9368652105   0.2920653224  -1.4770059586
  -1.1129665375   0.2355228961  -2.1165091991
  -1.1745806932  -0.6056212187  -1.3064550161
  -0.3737981915  -0.6137790084  -2.2314190865
  -0.3381341398   0.3796868026  -1.3438749313
   0.5114721656   0.2832983434  -2.0858242512
   0.2768534422  -0.4264173210  -1.3314998150
   1.2574902773  -0.5034029484  -2.0732789040
   1.1789300442   0.3602089584  -1.3262450695
   2.0671393871   0.2992443740  -2.1569066048
   2.1057400703  -0.4492568970  -1.4811751842
  -2.0164222717   1.1308183670  -2.1134691238
  -1.9905718565   1.8830193281  -1.2393172979
  -1.1188455820   1.9192689657  -2.0711667538
  -1.1180236340   1.0785757303  -1.4365043640
  -0.4144794643   1.0660607815  -2.2041351795
  -0.2841018140   1.9742012024  -1.4330936670
   0.4783903658   1.9979599714  -2.1054067612
   0.3939648569   1.1482754946  -1.4054763317
   1.2765767574   1.2938416004  -2.0466051102
   1.2718333006   1.9697951078  -1.2657529116
   2.0784358978   1.9342392683  -1.9699759483
   2.0012693405   1.0673108101  -1.3868759871
  -1.8191745281  -1.9813569784  -0.4999973178
  -2.0113985538  -1.1984755993   0.3353346884
  -1.2484128475  -1.1601659060  -0.4092189074
  -1.1717474461  -2.1624646187   0.2586967647
  -0.4000959992  -2.1953785419  -0.5753716826
  -0.1472966075  -1.3274320364   0.1358111948
   0.5816747546  -1.1411342621  -0.6130760908
   0.4853755832  -2.1686875820   0.2703204453
   1.3321479559  -2.1373102665  -0.4053794444
   1.2351740599  -1.2046890259   0.2795242965
   2.0011334419  -1.3771858215  -0.3423508406
   2.0124309063  -2.0115363598   0.4578005373
  -2.0427191257  -0.4923554361  -0.6333053112
  -2.0592482090   0.2621476650   0.4468740821
  -1.2560315132   0.1934857219  -0.6990383863
  -1.0206621885  -0.6503618360   0.4274266064
  -0.4352833629  -0.4977758229  -0.4840018749
  -0.4141394496   0.2349000871   0.2114200294
   0.4298583567   0.3497453928  -0.5701092482
   0.5105418563  -0.3554314375   0.1432685852
   1.3715974092  -0.4675281942  -0.6764781475
   1.4373232126   0.3188152909   0.2034375966
   2.0312726498   0.2921298742  -0.7304718494
   2.0375304222  -0.4832882881   0.1563725024
  -1.9581362009   0.9522883892  -0.6309662461
  -2.0401251316   1.9475108385   0.2586038709
  -1.1769446135   1.8853769302  -0.4983610213
  -1.2269928455   0.9269890785   0.2346472144
  -0.4071916342   1.0247002840  -0.5805552006
  -0.5007876754   1.7118504047   0.2527794242
   0.4017008841   1.9259521961  -0.5504518747
   0.3399952054   0.9317356348   0.2382003814
   1.2945928574   0.9990936518  -0.5188126564
   1.1436766386   1.8095477819   0.1987432688
   2.0681843758   1.8117316961  -0.5233074427
   2.1007039547   1.0817420483   0.2133846432
  -2.0189979076  -2.1080136299   1.1396874189
  -1.8768655062  -1.3425945044   1.9353692532
  -1.1847387552  -1.3215960264   1.1754522324
  -1.1294049025  -2.0873081684   1.9342843294
  -0.3452191949  -2.0614893436   0.8204990625
  -0.2551658452  -1.3148156404   1.7980006933
   0.4531916976  -1.2594610453   1.0642009974
   0.3430306613  -2.1437253952   1.8306845427
   1.1569989920  -2.0697798729   1.1928945780
   1.2610006332  -1.1988619566   1.9177159071
   2.1194179058  -1.1631317139   1.1462018490
   1.9552525282  -1.9343771935   1.8667867184
  -1.8204753399  -0.4769542813   1.0992237329
  -1.8764235973   0.2817670107   1.9251614809
  -1.0965670347   0.2278907448   0.9582090974
  -1.0217118263  -0.4957684577   1.7372316122
  -0.2152535021  -0.5085886121   1.1267005205
  -0.3740260303   0.3592697978   1.7542632818
   0.4654399455   0.2409365922   1.1338930130
   0.5350314379  -0.4862835407   1.9015967846
   1.1965428591  -0.4537879229   1.0216958523
   1.2720041275   0.2779888213   1.9423314333
   1.9577997923   0.2116216570   1.2110087872
   2.1160659790  -0.5590270758   2.0266425610
  -1.8835659027   1.0779019594   1.1244927645
  -1.9378050566   1.8745912313   1.8774771690
  -1.0634521246   2.0364973545   1.1041631699
  -1.1469734907   1.1499822140   1.8629224300
  -0.3150117397   1.0399023294   0.9991525412
  -0.3719540834   1.8610285521   1.9262229204
   0.2776256204   1.8677862883   1.1311619282
   0.3639830649   1.1098240614   1.7866765261
   1.2102652788   1.0504609346   0.8649461865
   1.2201385498   1.7407715321   1.6018545628
   1.9508953094   1.8686497211   0.9290360212
   2.0796663761   1.1332613230   1.8156797886
