            108
     4.76220322
  -1.9320458174  -1.7365688086  -1.9805402756
  -1.7989830971  -0.9289984703  -1.3634345531
  -1.1917608976  -1.0136146545  -2.1883003712
  -1.0229970217  -1.9108006954  -1.4128445387
  -0.2846414149  -1.7472819090  -2.1723959446
  -0.2493467331  -1.0960302353  -1.2586206198
   0.3252333403  -0.9328792691  -2.1089200974
   0.3940453529  -1.8987021446  -1.3382558823
   1.1061670780  -1.8940517902  -2.1427638531
   1.2287048101  -1.2203147411  -1.3990256786
   2.0818791389  -0.9533669353  -2.0492312908
   2.0776712894  -1.9547675848  -1.1993751526
  -1.8176994324  -0.2302958220  -2.1422131062
  -1.7333898544   0.5219058394  -1.4180883169
  -1.0886712074   0.6362528801  -2.1766905785
  -1.0197085142  -0.2752835751  -1.4091422558
  -0.4833694398  -0.2776154578  -2.3133344650
  -0.3688725829   0.5860815644  -1.3585780859
   0.2704388797   0.5652140379  -2.1884372234
   0.5160668492  -0.2433271408  -1.3376648426
   1.1841851473  -0.3209950328  -2.1375310421
   1.3260382414   0.6220313907  -1.3024475574
   1.8844276667   0.4956330359  -2.1540606022
   1.9140843153  -0.2053093910  -1.3843994141
  -1.8658884764   1.3247494698  -2.0902888775
  -1.9994506836   2.0882468224  -1.3704450130
  -1.1195189953   2.0839478970  -2.0481100082
  -1.1037034988   1.3297876120  -1.3199223280
  -0.3687640429   1.3791304827  -2.2093968391
  -0.2368901372   2.0446231365  -1.3345060349
   0.4530099630   1.9582607746  -2.1049757004
   0.4395751059   1.1879365444  -1.2844605446
   1.1876863241   1.2534493208  -2.0949425697
   1.1581817865   2.1804664135  -1.3305913210
   1.9260038137   2.1473531723  -2.1183261871
   2.0368938446   1.3575295210  -1.3736572266
  -1.8084404469  -1.8433446884  -0.6855650544
  -2.0164706707  -1.0948370695   0.0800894201
  -1.0932396650  -1.0921828747  -0.6032863259
  -1.1250813007  -1.8681987524   0.2644295394
  -0.3232723773  -2.0029320717  -0.5597763658
  -0.1977140456  -1.1104136705   0.2090231776
   0.5173205733  -1.2032706738  -0.4879614413
   0.3526934087  -1.9521323442   0.2288440913
   1.2338831425  -1.9081603289  -0.2815737426
   1.2117424011  -1.0426341295   0.2691502869
   2.0300350189  -1.0450831652  -0.7163622975
   2.1444568634  -1.9792183638   0.2902906835
  -1.7641508579  -0.2198546231  -0.6258615851
  -1.9040865898   0.5525805950   0.0901579708
  -1.0899549723   0.5993623137  -0.6229479313
  -1.0250471830  -0.2438554317   0.2070834339
  -0.3258770704  -0.3250583410  -0.5396119952
  -0.2239673436   0.5281695127   0.2354658395
   0.5559737086   0.4805884063  -0.5643719435
   0.5329791307  -0.2323117554   0.3034050465
   1.2615398169  -0.2915484607  -0.4664191902
   1.2542563677   0.5794327259   0.3009932637
   2.0797820091   0.4710729420  -0.6529645324
   2.0774714947  -0.0426835045   0.3758789301
  -1.9616141319   1.2584440708  -0.6558203697
  -1.8808310032   2.0592243671   0.1556957662
  -1.1479060650   2.1096177101  -0.5474826097
  -1.0710330009   1.3292238712   0.1118979976
  -0.2001729012   1.2835611105  -0.5090404749
  -0.3354035914   2.0744791031   0.2064179629
   0.5605702400   2.0436425209  -0.4377561808
   0.5913229585   1.3357872963   0.3942494988
   1.1916763783   1.2588796616  -0.5157820582
   1.3189252615   2.0337991714   0.2919294834
   1.9159764051   1.9622648954  -0.5388138294
   2.0442495346   1.3070286512   0.3174763024
  -2.0489289761  -1.7166911364   1.1147600412
  -1.9582856894  -0.9430431128   1.8155311346
  -1.0075397491  -1.0699568987   0.8720515370
  -1.1235485077  -1.8772735596   1.9961996078
  -0.3476349413  -1.8729225397   1.0498126745
  -0.5022661090  -1.0612695217   1.7602924109
   0.4797886014  -0.9892756343   1.0050922632
   0.4575709701  -1.8772006035   1.8431067467
   1.1931790113  -1.8157730103   0.9513579607
   1.0734757185  -1.0701503754   1.8409339190
   1.9368382692  -0.9758518338   1.0332927704
   2.0713930130  -1.6352888346   1.8968564272
  -1.9288372993  -0.3679383397   0.9919540882
  -1.8904954195   0.6043972373   1.9693126678
  -1.2394504547   0.7167494893   0.8857704401
  -1.2273510695  -0.0910737962   1.6803464890
  -0.3325252831  -0.2710067034   0.9962103963
  -0.3759728372   0.5654031038   1.7124342918
   0.5633301139   0.5547235608   1.0438013077
   0.4230264127  -0.3124125004   1.7606222630
   1.3068463802  -0.1881522536   1.0337884426
   1.1108322144   0.4348632395   1.9544177055
   2.1946194172   0.5114504695   1.2322932482
   2.0693268776  -0.2292697877   1.9018372297
  -1.8798470497   1.5272518396   1.0240166187
  -1.9650998116   2.2568087578   2.0067644119
  -1.1942614317   2.2791624069   1.0682473183
  -1.1312102079   1.4540497065   1.8916267157
  -0.3610029817   1.3067334890   0.8561760187
  -0.3380606771   2.2177033424   1.8662439585
   0.4172161222   2.1862998009   1.1155973673
   0.3691801429   1.3543084860   1.7300187349
   1.2582365274   1.3321876526   1.2551431656
   1.3091176748   2.3468997478   1.7882195711
   2.0585911274   2.1957633495   1.1319221258
   2.1375622749   1.3677351475   1.8761595488
