            108
     4.76220322
  -1.9293994904  -1.9091677666  -2.2374315262
  -1.9360067844  -1.1817021370  -1.3450568914
  -1.1740057468  -1.0707504749  -2.1065275669
  -1.1759172678  -1.8629863262  -1.3034881353
  -0.4005545080  -1.9286947250  -2.0670962334
  -0.3877032995  -1.0828683376  -1.3585124016
   0.3226351738  -1.2335846424  -2.1101841927
   0.4478555620  -1.9806884527  -1.3260523081
   1.0988471508  -1.9613485336  -2.2484133244
   1.1821880341  -1.1858187914  -1.2702636719
   2.0581316948  -1.0982285738  -2.1620590687
   1.9700723886  -1.8011478186  -1.4319325686
  -1.9316204786  -0.3764309585  -1.9440659285
  -2.0834679604   0.5681052804  -1.4548007250
  -1.2255077362   0.5177008510  -2.0251355171
  -1.1273193359  -0.3560593128  -1.3237744570
  -0.4276103079  -0.3194507062  -2.0925717354
  -0.4018644392   0.4054337740  -1.2864801884
   0.3627977371   0.4515734315  -2.0988650322
   0.5056270957  -0.3839658201  -1.2308236361
   1.1479935646  -0.4687141776  -2.0507006645
   1.1865245104   0.3465223610  -1.3775272369
   1.9001289606   0.4809816480  -2.0849843025
   1.9247481823  -0.4966084063  -1.3653701544
  -1.9920002222   1.3364030123  -2.1651773453
  -2.0338914394   2.2164499760  -1.4600627422
  -1.2084811926   2.0620586872  -2.0395286083
  -1.1506614685   1.2330369949  -1.3206187487
  -0.3345936537   1.3273155689  -2.0575048923
  -0.3838450909   2.1481409073  -1.3122125864
   0.4404996037   1.9582467079  -2.2055442333
   0.3507405818   1.4047847986  -1.3052124977
   1.0773694515   1.1764299870  -2.0753817558
   1.1786848307   2.0794749260  -1.3751423359
   1.8912899494   2.1457076073  -2.0913467407
   1.9927253723   1.3564008474  -1.4427706003
  -1.9873522520  -1.9361723661  -0.5970274210
  -1.6524980068  -1.1396615505   0.3120532036
  -1.2549065351  -1.0467708111  -0.6110751629
  -1.2377264500  -2.0794260502   0.1563495547
  -0.4812624454  -1.8423829079  -0.4593060017
  -0.4355548322  -1.1692106724   0.2882793546
   0.2478294522  -1.1095645428  -0.5802052617
   0.4620765746  -1.8525929451   0.3708611429
   1.0827836990  -1.8884136677  -0.4528580606
   1.2195583582  -1.0805243254   0.4807839096
   2.1211178303  -1.1152043343  -0.5680750608
   1.8212769032  -2.0822784901   0.4029315114
  -1.9759231806  -0.3099539280  -0.5834063292
  -2.0293900967   0.3442948759   0.2174343169
  -1.2601498365   0.5247219801  -0.4566257894
  -1.1512932777  -0.2534862757   0.2568264306
  -0.3484112024  -0.2797736824  -0.3692006767
  -0.1950205117   0.3860261142   0.3738501668
   0.4007312059   0.3828770518  -0.5130553842
   0.4499302208  -0.4061459899   0.3619061708
   1.2799270153  -0.3911493719  -0.5630589724
   1.2143812180   0.3607134223   0.1566082686
   1.9508479834   0.3561697304  -0.6666407585
   2.1793127060  -0.5431799293   0.2511445582
  -1.9805908203   1.3354603052  -0.5983969569
  -2.0740921497   2.0708689690   0.1203355864
  -1.0724139214   2.0211069584  -0.5875337720
  -1.0670813322   1.3669520617   0.2289467454
  -0.3536727726   1.1676453352  -0.4493242800
  -0.1647339910   2.0268764496   0.2879033387
   0.3258031607   2.1004989147  -0.5873262882
   0.4069408178   1.1972334385   0.2560561299
   1.1483013630   1.1022047997  -0.6618750691
   1.2117007971   1.9259014130   0.0494054295
   2.0160708427   2.1495416164  -0.7527633905
   2.0918552876   1.1300621033   0.1753351837
  -2.1809878349  -1.9493288994   1.1339710951
  -1.9394185543  -1.0019247532   1.9101308584
  -1.1747665405  -0.9185941815   1.2148367167
  -1.1596441269  -1.7917730808   1.8663797379
  -0.5511094928  -1.9213857651   1.0069689751
  -0.4264019430  -1.1131829023   1.9316695929
   0.3876153529  -1.1770032644   1.1314719915
   0.3077606857  -1.9389631748   1.8700911999
   1.1843153238  -1.9060335159   1.2427716255
   1.3013916016  -1.0490258932   1.8796508312
   2.0516507626  -1.0902066231   1.1923137903
   1.9994752407  -1.8809143305   1.9530967474
  -2.1482570171  -0.2146274596   1.2180022001
  -2.0562992096   0.5245631337   2.0122783184
  -1.1168991327   0.6067165732   1.1991255283
  -1.2221676111  -0.2039469182   2.0033771992
  -0.3231383860  -0.3487771451   1.0850867033
  -0.3579966426   0.4786475003   1.9057190418
   0.5129786134   0.3501188457   1.2024340630
   0.3121632636  -0.3074768186   1.9594839811
   1.2595906258  -0.3191193342   1.1698024273
   1.1665163040   0.3562760055   1.9769417048
   2.0090157986   0.5718863606   1.0356479883
   1.9887682199  -0.2955247164   1.9961605072
  -1.9180803299   1.1758699417   0.9988296628
  -2.1828839779   2.0594830513   1.8781948090
  -1.3726634979   2.2176072598   1.0803749561
  -1.2253538370   1.3370724916   1.8903501034
  -0.4447160959   1.3535163403   1.0444990396
  -0.4482165873   2.0984556675   1.9364305735
   0.3775856793   2.0026819706   1.1486347914
   0.5403640270   1.2418640852   1.8440742493
   1.1790280342   1.1589007378   1.0237977505
   1.2605949640   2.0184056759   1.8517575264
   1.9902994633   1.8586027622   0.9750906229
   1.8003203869   1.1666789055   1.8727871180
