            108
     4.76220322
  -1.7966642380  -2.0429971218  -2.1738629341
  -1.8241434097  -1.1953449249  -1.3139984608
  -1.0024499893  -1.2740839720  -2.1225562096
  -0.9694153666  -1.9669439793  -1.2787343264
  -0.2543433309  -2.0898680687  -2.0020897388
  -0.2133548558  -1.2704231739  -1.2851952314
   0.4221485853  -1.2437467575  -2.2411580086
   0.7132918835  -1.9687560797  -1.4719771147
   1.4972037077  -1.9935750961  -2.1249973774
   1.4841159582  -1.2203007936  -1.4858309031
   2.2400627136  -1.2868505716  -2.1630120277
   2.2433292866  -2.0384111404  -1.4288311005
  -1.7538089752  -0.4565760791  -2.0545303822
  -1.8587861061   0.2987376451  -1.4062840939
  -1.0481312275   0.4088130295  -2.1281745434
  -1.1510808468  -0.3757933378  -1.1840432882
  -0.2820340097  -0.4058306813  -2.1882712841
  -0.4250461757   0.5235137343  -1.3030247688
   0.5781764984   0.2421975732  -2.1204590797
   0.4346766174  -0.4594066441  -1.3890604973
   1.2726744413  -0.4873996377  -2.1731805801
   1.3311580420   0.2251230776  -1.4143735170
   2.1302938461   0.3864060640  -2.0417442322
   2.1974244118  -0.4616380930  -1.3389747143
  -1.7549973726   1.1286830902  -2.0887596607
  -1.7204246521   2.1001191139  -1.2628927231
  -1.0968828201   1.9935570955  -2.0701441765
  -1.1098892689   1.2868199348  -1.2652945518
  -0.2566786110   1.2266099453  -2.1019716263
  -0.3170227706   1.9978339672  -1.2629375458
   0.4539994597   1.9304900169  -1.9462672472
   0.4761859179   1.0086357594  -1.4255805016
   1.3672457933   1.0462325811  -2.0235517025
   1.4731945992   1.9290390015  -1.4833240509
   2.3372294903   1.8847663403  -2.0939261913
   2.2366144657   1.1447011232  -1.3576617241
  -1.8449181318  -2.1116967201  -0.3993664682
  -1.9510762691  -1.1236459017   0.2099098116
  -1.1799981594  -1.2325373888  -0.4614628255
  -1.1267108917  -2.0202727318   0.3920823932
  -0.0825776607  -2.1174387932  -0.5324318409
  -0.2451793998  -1.2539311647   0.0969323963
   0.6348527670  -1.2603604794  -0.7461093664
   0.6463737488  -2.0205726624   0.1845921129
   1.3539958000  -1.9377399683  -0.5315638185
   1.2018433809  -1.1626966000   0.0927280411
   2.0394022465  -1.0460036993  -0.4530661404
   2.1634943485  -1.9428821802   0.3669311702
  -1.9415147305  -0.4067168832  -0.5424372554
  -1.8158071041   0.4534054101   0.3373530507
  -1.2287719250   0.4046405852  -0.4882990718
  -1.1554279327  -0.3885257840   0.1258336753
  -0.3602136672  -0.3887302279  -0.5408626199
  -0.1438623220   0.4038258195   0.2464457005
   0.3614782989   0.3307226300  -0.6873621345
   0.4360003471  -0.4826190472   0.2448806614
   1.2127147913  -0.3931991160  -0.6043629646
   1.1117870808   0.2746357620   0.2259351462
   2.1000292301   0.3405287564  -0.7404010296
   2.0207443237  -0.2392600775   0.2656770945
  -1.8877975941   1.3584579229  -0.5800167322
  -1.7968630791   1.9524960518   0.3301630914
  -1.0191394091   2.0435829163  -0.5270653963
  -1.1417872906   1.2103240490   0.1553945243
  -0.2282749414   1.2312058210  -0.5667759776
  -0.3143278956   1.8989108801   0.2016575038
   0.6028043032   1.7945010662  -0.8101854920
   0.5868008733   1.1716965437   0.0237278175
   1.2308950424   0.9799801707  -0.7540785074
   1.3153722286   1.8526986837   0.2673908174
   2.0788919926   2.0467987061  -0.6323384643
   2.0776627064   1.0879406929   0.0619965978
  -1.8481528759  -1.9116154909   1.0844683647
  -1.8652569056  -1.0012140274   1.7933012247
  -1.0725026131  -1.0270074606   1.0129622221
  -1.0235460997  -1.9777375460   1.8562660217
  -0.2601666152  -1.8447432518   1.0315394402
  -0.3027892709  -1.1948868036   1.8213531971
   0.5866959691  -1.1522313356   1.1158843040
   0.6956472397  -2.0705776215   1.9454872608
   1.3092046976  -1.9000234604   1.1184810400
   1.3775801659  -1.0907130241   1.7894197702
   2.1397721767  -1.0195332766   0.9494350553
   2.1466901302  -2.0022356510   1.7573401928
  -1.7759747505  -0.2938170433   1.0814284086
  -1.8990371227   0.4141740501   1.9782059193
  -1.1091986895   0.5007328987   1.1544578075
  -1.0354912281  -0.4406891465   1.9152034521
  -0.3586010337  -0.3274591565   1.1251034737
  -0.3501590490   0.5063162446   1.8108439445
   0.4457657337   0.2813654840   1.0839637518
   0.4612630308  -0.4398370087   1.8852989674
   1.3184711933  -0.3789040446   1.0659221411
   1.3367465734   0.3880234063   1.9593795538
   2.1705458164   0.4741147757   1.0295215845
   2.1296048164  -0.2902249992   1.6934651136
  -1.8242602348   1.2379143238   1.2004498243
  -1.8522310257   2.0314025879   1.8126380444
  -1.0860879421   2.0705490112   1.1339793205
  -1.0567268133   1.3041496277   1.9304542542
  -0.2526250482   1.3930026293   1.2391924858
  -0.1736660302   2.1498537064   1.9067988396
   0.5864497423   2.0307447910   1.1678754091
   0.4884139001   1.2036243677   1.9423421621
   1.1440578699   1.1047365665   1.1851050854
   1.2911117077   1.8209550381   1.9106962681
   2.0617222786   1.9688607454   0.9895045757
   2.0585966110   1.1352179050   1.9117614031
