# Density, R value, Slope
    0.05   -0.2381   -0.21
     0.1   -0.1132  -0.099
    0.15     0.481    0.31
     0.2     0.216    0.22
    0.25   -0.4367   -0.28
     0.3    0.7752     0.5
    0.35    0.5886     1.6
     0.4     0.729     1.2
    0.45    0.7187     1.2
     0.5    0.5865     3.8
    0.55     0.998     3.2
     0.6    0.9002     3.0
    0.65    0.9859     3.1
     0.7    0.9895     3.3
    0.75    0.9685     5.0
     0.8    0.9907     4.8
    0.85    0.9958     5.2
     0.9    0.9831     4.7
    0.95    0.9689     5.9
     1.0    0.9859     5.7
    1.05    0.9938     4.9
     1.1    0.9913     5.7
    1.15    0.9998     6.1
