# Density, R value, Slope
    0.05    0.2032    0.03
     0.1      0.91    0.56
    0.15    0.3178     0.4
     0.2    0.8678    0.77
    0.25    0.8595    0.76
     0.3    0.8673     1.1
    0.35    0.6744     2.3
     0.4    0.5442     2.5
    0.45     0.953     1.4
     0.5    0.2038     1.5
    0.55    0.6205     2.8
     0.6    0.6903     2.8
    0.65    0.9588     3.5
     0.7    0.9766     4.7
    0.75    0.9977     4.9
     0.8    0.9655     4.4
    0.85    0.9054     3.2
     0.9    0.9906     6.0
    0.95    0.9884     5.4
     1.0    0.9967     5.7
    1.05    0.9066     5.5
     1.1    0.9768     5.2
    1.15    0.9911     5.9
