   1.0000e+02  -1.9113e+02
   1.0500e+02  -1.7572e+02
   1.1000e+02  -1.6153e+02
   1.1500e+02  -1.4893e+02
   1.2500e+02  -1.2722e+02
   1.5000e+02  -8.9827e+01
   1.7500e+02  -6.6022e+01
   2.0000e+02  -4.9851e+01
   2.2500e+02  -3.7729e+01
   2.5000e+02  -2.8504e+01
   2.7500e+02  -2.1286e+01
   3.0000e+02  -1.5504e+01
   3.5000e+02  -6.7736e+00
   4.0000e+02  -5.7438e-01
   4.5000e+02   4.0031e+00
   5.0000e+02   7.5255e+00
   5.5000e+02   1.0305e+01
   6.0000e+02   1.2480e+01
   7.0000e+02   1.5879e+01
   8.0000e+02   1.8228e+01
   9.0000e+02   1.9886e+01
   1.0000e+03   2.1335e+01
   1.1000e+03   2.2259e+01
   1.2000e+03   2.3110e+01
   1.3000e+03   2.3895e+01
   1.4000e+03   2.4386e+01
   1.5000e+03   2.4818e+01
   1.6000e+03   2.5383e+01
   1.7000e+03   2.5605e+01
   1.8000e+03   2.5871e+01
   1.9000e+03   2.6014e+01
   2.0000e+03   2.6535e+01
