Temperature (K)	Pressure (MPa)	Density (mol/m3)	Volume (m3/mol)	Internal Energy (kJ/mol)	Enthalpy (kJ/mol)	Entropy (J/mol*K)	Cv (J/mol*K)	Cp (J/mol*K)	Sound Spd. (m/s)	Joule-Thomson (K/MPa)	Viscosity (uPa*s)	Therm. Cond. (W/m*K)	Phase
500.00	0.0000	0.0000	infinite	10.607	14.764	-1.0000e+07	22.779	31.093	421.11	undefined	30.470	0.041019	vapor
500.00	0.20000	48.092	0.020793	10.601	14.760	214.92	22.783	31.123	421.42	0.75203	30.502	0.041073	vapor
500.00	0.40000	96.149	0.010401	10.595	14.755	209.15	22.788	31.152	421.73	0.74835	30.534	0.041127	vapor
500.00	0.60000	144.17	0.0069362	10.589	14.750	205.76	22.793	31.182	422.05	0.74466	30.566	0.041181	vapor
500.00	0.80000	192.16	0.0052041	10.583	14.746	203.36	22.798	31.211	422.36	0.74096	30.598	0.041235	vapor
500.00	1.0000	240.10	0.0041649	10.576	14.741	201.49	22.802	31.240	422.68	0.73726	30.630	0.041288	vapor
500.00	1.2000	288.02	0.0034720	10.570	14.737	199.96	22.807	31.270	423.00	0.73355	30.662	0.041342	vapor
500.00	1.4000	335.89	0.0029772	10.564	14.732	198.67	22.812	31.299	423.32	0.72985	30.693	0.041396	vapor
500.00	1.6000	383.73	0.0026060	10.558	14.727	197.55	22.817	31.328	423.64	0.72613	30.725	0.041450	vapor
500.00	1.8000	431.53	0.0023174	10.552	14.723	196.56	22.821	31.357	423.96	0.72242	30.757	0.041504	vapor
500.00	2.0000	479.29	0.0020864	10.546	14.718	195.67	22.826	31.387	424.29	0.71870	30.789	0.041557	vapor
500.00	2.2000	527.01	0.0018975	10.539	14.714	194.86	22.831	31.416	424.61	0.71498	30.821	0.041611	vapor
500.00	2.4000	574.69	0.0017401	10.533	14.709	194.13	22.835	31.445	424.94	0.71125	30.853	0.041665	vapor
500.00	2.6000	622.34	0.0016069	10.527	14.705	193.45	22.840	31.473	425.27	0.70752	30.884	0.041719	vapor
500.00	2.8000	669.94	0.0014927	10.521	14.701	192.82	22.844	31.502	425.60	0.70379	30.916	0.041772	vapor
500.00	3.0000	717.50	0.0013937	10.515	14.696	192.24	22.849	31.531	425.93	0.70005	30.948	0.041826	vapor
500.00	3.2000	765.02	0.0013071	10.509	14.692	191.69	22.854	31.560	426.27	0.69632	30.980	0.041880	vapor
500.00	3.4000	812.50	0.0012308	10.503	14.687	191.17	22.858	31.588	426.61	0.69258	31.012	0.041933	vapor
500.00	3.6000	859.94	0.0011629	10.497	14.683	190.68	22.863	31.617	426.94	0.68884	31.044	0.041987	vapor
500.00	3.8000	907.34	0.0011021	10.491	14.679	190.22	22.867	31.646	427.28	0.68510	31.075	0.042040	vapor
500.00	4.0000	954.70	0.0010475	10.484	14.674	189.78	22.872	31.674	427.63	0.68135	31.107	0.042094	vapor
500.00	4.2000	1002.0	0.00099799	10.478	14.670	189.37	22.876	31.702	427.97	0.67760	31.139	0.042148	vapor
500.00	4.4000	1049.3	0.00095303	10.472	14.666	188.97	22.881	31.731	428.31	0.67386	31.171	0.042201	vapor
500.00	4.6000	1096.5	0.00091199	10.466	14.661	188.59	22.885	31.759	428.66	0.67011	31.203	0.042255	vapor
500.00	4.8000	1143.7	0.00087436	10.460	14.657	188.22	22.889	31.787	429.01	0.66636	31.235	0.042309	vapor
500.00	5.0000	1190.8	0.00083975	10.454	14.653	187.87	22.894	31.815	429.36	0.66261	31.267	0.042362	vapor
500.00	5.2000	1237.9	0.00080781	10.448	14.649	187.53	22.898	31.843	429.71	0.65885	31.299	0.042416	vapor
500.00	5.2000	1237.9	0.00080781	10.448	14.649	187.53	22.898	31.843	429.71	0.65885	31.299	0.042416	supercritical
500.00	5.2000	1237.9	0.00080781	10.448	14.649	187.53	22.898	31.843	429.71	0.65885	31.299	0.042416	supercritical
500.00	5.4000	1285.0	0.00077823	10.442	14.645	187.21	22.903	31.871	430.06	0.65510	31.331	0.042469	supercritical
500.00	5.6000	1332.0	0.00075077	10.436	14.640	186.89	22.907	31.899	430.42	0.65135	31.363	0.042523	supercritical
500.00	5.8000	1378.9	0.00072520	10.430	14.636	186.59	22.911	31.927	430.78	0.64760	31.395	0.042577	supercritical
500.00	6.0000	1425.8	0.00070134	10.424	14.632	186.30	22.916	31.954	431.14	0.64384	31.427	0.042630	supercritical
500.00	6.2000	1472.7	0.00067902	10.418	14.628	186.01	22.920	31.982	431.50	0.64009	31.459	0.042684	supercritical
500.00	6.4000	1519.5	0.00065810	10.412	14.624	185.74	22.924	32.009	431.86	0.63634	31.491	0.042738	supercritical
500.00	6.6000	1566.3	0.00063845	10.406	14.620	185.47	22.929	32.037	432.22	0.63259	31.523	0.042791	supercritical
500.00	6.8000	1613.0	0.00061995	10.400	14.616	185.21	22.933	32.064	432.59	0.62883	31.555	0.042845	supercritical
500.00	7.0000	1659.7	0.00060252	10.394	14.612	184.96	22.937	32.092	432.95	0.62508	31.587	0.042899	supercritical
500.00	7.2000	1706.3	0.00058605	10.388	14.608	184.71	22.941	32.119	433.32	0.62133	31.619	0.042953	supercritical
500.00	7.4000	1752.9	0.00057048	10.382	14.604	184.47	22.945	32.146	433.69	0.61758	31.651	0.043006	supercritical
500.00	7.6000	1799.4	0.00055573	10.376	14.600	184.24	22.950	32.173	434.07	0.61383	31.684	0.043060	supercritical
500.00	7.8000	1845.9	0.00054174	10.370	14.596	184.01	22.954	32.200	434.44	0.61009	31.716	0.043114	supercritical
500.00	8.0000	1892.3	0.00052845	10.364	14.592	183.79	22.958	32.227	434.82	0.60634	31.748	0.043168	supercritical
500.00	8.2000	1938.7	0.00051580	10.359	14.588	183.57	22.962	32.254	435.19	0.60260	31.781	0.043222	supercritical
500.00	8.4000	1985.1	0.00050376	10.353	14.584	183.36	22.966	32.280	435.57	0.59886	31.813	0.043276	supercritical
500.00	8.6000	2031.3	0.00049229	10.347	14.580	183.15	22.970	32.307	435.95	0.59512	31.845	0.043330	supercritical
500.00	8.8000	2077.6	0.00048133	10.341	14.577	182.95	22.974	32.334	436.34	0.59138	31.878	0.043384	supercritical
500.00	9.0000	2123.7	0.00047087	10.335	14.573	182.75	22.979	32.360	436.72	0.58764	31.910	0.043438	supercritical
500.00	9.2000	2169.9	0.00046086	10.329	14.569	182.56	22.983	32.386	437.11	0.58391	31.943	0.043492	supercritical
500.00	9.4000	2215.9	0.00045128	10.323	14.565	182.37	22.987	32.413	437.50	0.58018	31.975	0.043546	supercritical
500.00	9.6000	2262.0	0.00044210	10.317	14.561	182.18	22.991	32.439	437.88	0.57645	32.008	0.043600	supercritical
500.00	9.8000	2307.9	0.00043329	10.311	14.558	182.00	22.995	32.465	438.28	0.57273	32.041	0.043654	supercritical
500.00	10.000	2353.8	0.00042484	10.306	14.554	181.82	22.999	32.491	438.67	0.56900	32.074	0.043708	supercritical
