Temperature (K)	Pressure (MPa)	Density (mol/m3)	Volume (m3/mol)	Internal Energy (kJ/mol)	Enthalpy (kJ/mol)	Entropy (J/mol*K)	Cv (J/mol*K)	Cp (J/mol*K)	Sound Spd. (m/s)	Joule-Thomson (K/MPa)	Viscosity (uPa*s)	Therm. Cond. (W/m*K)	Phase
1800.0	0.0000	0.0000	infinite	45.405	60.371	-1.0000e+07	28.992	37.306	775.77	undefined	72.019	0.11326	vapor
1800.0	0.20000	13.359	0.074855	45.404	60.375	259.05	28.992	37.308	776.05	-0.56133	72.030	0.11327	vapor
1800.0	0.40000	26.709	0.037440	45.403	60.379	253.29	28.993	37.309	776.33	-0.56143	72.042	0.11329	vapor
1800.0	0.60000	40.050	0.024969	45.402	60.383	249.92	28.993	37.310	776.61	-0.56153	72.053	0.11330	vapor
1800.0	0.80000	53.381	0.018733	45.401	60.388	247.52	28.993	37.312	776.89	-0.56162	72.064	0.11332	vapor
1800.0	1.0000	66.704	0.014992	45.400	60.392	245.67	28.993	37.313	777.17	-0.56172	72.076	0.11333	vapor
1800.0	1.2000	80.017	0.012497	45.399	60.396	244.15	28.994	37.315	777.45	-0.56182	72.087	0.11335	vapor
1800.0	1.4000	93.320	0.010716	45.398	60.400	242.87	28.994	37.316	777.73	-0.56191	72.098	0.11336	vapor
1800.0	1.6000	106.62	0.0093795	45.397	60.404	241.76	28.994	37.317	778.01	-0.56201	72.110	0.11338	vapor
1800.0	1.8000	119.90	0.0083403	45.396	60.409	240.78	28.994	37.319	778.29	-0.56211	72.121	0.11339	vapor
1800.0	2.0000	133.18	0.0075088	45.395	60.413	239.90	28.995	37.320	778.57	-0.56220	72.132	0.11341	vapor
1800.0	2.2000	146.44	0.0068286	45.394	60.417	239.11	28.995	37.321	778.85	-0.56230	72.144	0.11342	vapor
1800.0	2.4000	159.70	0.0062617	45.393	60.421	238.39	28.995	37.323	779.13	-0.56240	72.155	0.11344	vapor
1800.0	2.6000	172.95	0.0057820	45.392	60.425	237.72	28.995	37.324	779.41	-0.56249	72.166	0.11345	vapor
1800.0	2.8000	186.19	0.0053709	45.391	60.430	237.10	28.996	37.325	779.69	-0.56259	72.178	0.11347	vapor
1800.0	3.0000	199.42	0.0050145	45.390	60.434	236.53	28.996	37.327	779.97	-0.56269	72.189	0.11348	vapor
1800.0	3.2000	212.64	0.0047028	45.389	60.438	235.99	28.996	37.328	780.25	-0.56278	72.200	0.11350	vapor
1800.0	3.4000	225.85	0.0044276	45.388	60.442	235.49	28.996	37.329	780.53	-0.56288	72.211	0.11351	vapor
1800.0	3.6000	239.06	0.0041831	45.387	60.446	235.01	28.997	37.331	780.81	-0.56298	72.223	0.11353	vapor
1800.0	3.8000	252.25	0.0039643	45.386	60.451	234.56	28.997	37.332	781.10	-0.56307	72.234	0.11354	vapor
1800.0	4.0000	265.44	0.0037674	45.385	60.455	234.13	28.997	37.333	781.38	-0.56317	72.245	0.11356	vapor
1800.0	4.2000	278.61	0.0035892	45.384	60.459	233.73	28.997	37.335	781.66	-0.56327	72.256	0.11357	vapor
1800.0	4.4000	291.78	0.0034273	45.383	60.463	233.34	28.997	37.336	781.94	-0.56337	72.268	0.11359	vapor
1800.0	4.6000	304.93	0.0032794	45.382	60.467	232.97	28.998	37.337	782.22	-0.56346	72.279	0.11360	vapor
1800.0	4.8000	318.08	0.0031438	45.381	60.472	232.62	28.998	37.339	782.50	-0.56356	72.290	0.11362	vapor
1800.0	5.0000	331.22	0.0030191	45.380	60.476	232.28	28.998	37.340	782.78	-0.56366	72.301	0.11363	vapor
1800.0	5.2000	344.35	0.0029040	45.379	60.480	231.95	28.998	37.341	783.07	-0.56375	72.312	0.11364	vapor
1800.0	5.2000	344.35	0.0029040	45.379	60.480	231.95	28.998	37.341	783.07	-0.56375	72.312	0.11364	supercritical
1800.0	5.2000	344.35	0.0029040	45.379	60.480	231.95	28.998	37.341	783.07	-0.56375	72.312	0.11364	supercritical
1800.0	5.4000	357.47	0.0027974	45.378	60.484	231.63	28.999	37.343	783.35	-0.56385	72.324	0.11366	supercritical
1800.0	5.6000	370.58	0.0026984	45.377	60.488	231.33	28.999	37.344	783.63	-0.56395	72.335	0.11367	supercritical
1800.0	5.8000	383.69	0.0026063	45.376	60.493	231.04	28.999	37.345	783.91	-0.56404	72.346	0.11369	supercritical
1800.0	6.0000	396.78	0.0025203	45.375	60.497	230.76	28.999	37.347	784.19	-0.56414	72.357	0.11370	supercritical
1800.0	6.2000	409.87	0.0024398	45.374	60.501	230.48	28.999	37.348	784.48	-0.56424	72.368	0.11372	supercritical
1800.0	6.4000	422.94	0.0023644	45.373	60.505	230.22	29.000	37.349	784.76	-0.56434	72.380	0.11373	supercritical
1800.0	6.6000	436.01	0.0022935	45.372	60.510	229.96	29.000	37.351	785.04	-0.56443	72.391	0.11375	supercritical
1800.0	6.8000	449.07	0.0022268	45.371	60.514	229.71	29.000	37.352	785.32	-0.56453	72.402	0.11376	supercritical
1800.0	7.0000	462.11	0.0021640	45.370	60.518	229.47	29.000	37.353	785.61	-0.56463	72.413	0.11378	supercritical
1800.0	7.2000	475.15	0.0021046	45.369	60.522	229.24	29.001	37.355	785.89	-0.56472	72.424	0.11379	supercritical
1800.0	7.4000	488.18	0.0020484	45.368	60.526	229.01	29.001	37.356	786.17	-0.56482	72.435	0.11381	supercritical
1800.0	7.6000	501.21	0.0019952	45.367	60.531	228.79	29.001	37.357	786.45	-0.56492	72.446	0.11382	supercritical
1800.0	7.8000	514.22	0.0019447	45.366	60.535	228.57	29.001	37.359	786.74	-0.56501	72.457	0.11384	supercritical
1800.0	8.0000	527.22	0.0018967	45.365	60.539	228.36	29.001	37.360	787.02	-0.56511	72.469	0.11385	supercritical
1800.0	8.2000	540.22	0.0018511	45.364	60.543	228.15	29.002	37.361	787.30	-0.56521	72.480	0.11386	supercritical
1800.0	8.4000	553.20	0.0018077	45.363	60.548	227.95	29.002	37.362	787.59	-0.56530	72.491	0.11388	supercritical
1800.0	8.6000	566.18	0.0017662	45.362	60.552	227.76	29.002	37.364	787.87	-0.56540	72.502	0.11389	supercritical
1800.0	8.8000	579.15	0.0017267	45.361	60.556	227.57	29.002	37.365	788.15	-0.56550	72.513	0.11391	supercritical
1800.0	9.0000	592.11	0.0016889	45.360	60.560	227.38	29.002	37.366	788.44	-0.56560	72.524	0.11392	supercritical
1800.0	9.2000	605.05	0.0016527	45.359	60.564	227.19	29.003	37.368	788.72	-0.56569	72.535	0.11394	supercritical
1800.0	9.4000	618.00	0.0016181	45.358	60.569	227.01	29.003	37.369	789.01	-0.56579	72.546	0.11395	supercritical
1800.0	9.6000	630.93	0.0015850	45.357	60.573	226.84	29.003	37.370	789.29	-0.56589	72.557	0.11397	supercritical
1800.0	9.8000	643.85	0.0015532	45.356	60.577	226.67	29.003	37.372	789.57	-0.56598	72.568	0.11398	supercritical
1800.0	10.000	656.76	0.0015226	45.355	60.581	226.50	29.003	37.373	789.86	-0.56608	72.579	0.11400	supercritical
