Temperature (K)	Pressure (MPa)	Density (mol/m3)	Volume (m3/mol)	Internal Energy (kJ/mol)	Enthalpy (kJ/mol)	Entropy (J/mol*K)	Cv (J/mol*K)	Cp (J/mol*K)	Sound Spd. (m/s)	Joule-Thomson (K/MPa)	Viscosity (uPa*s)	Therm. Cond. (W/m*K)	Phase
450.00	0.0000	0.0000	infinite	9.4811	13.223	-1.0000e+07	22.271	30.585	400.72	undefined	28.203	0.037564	vapor
450.00	0.20000	53.444	0.018711	9.4740	13.216	211.67	22.277	30.623	401.00	1.0380	28.238	0.037624	vapor
450.00	0.40000	106.86	0.0093577	9.4668	13.210	205.89	22.283	30.661	401.28	1.0333	28.272	0.037684	vapor
450.00	0.60000	160.26	0.0062399	9.4596	13.204	202.50	22.289	30.699	401.57	1.0285	28.306	0.037744	vapor
450.00	0.80000	213.63	0.0046810	9.4525	13.197	200.10	22.295	30.737	401.86	1.0237	28.340	0.037804	vapor
450.00	1.0000	266.98	0.0037457	9.4453	13.191	198.23	22.301	30.774	402.15	1.0190	28.375	0.037864	vapor
450.00	1.2000	320.30	0.0031221	9.4382	13.185	196.69	22.307	30.812	402.44	1.0142	28.409	0.037924	vapor
450.00	1.4000	373.59	0.0026767	9.4310	13.178	195.40	22.313	30.850	402.74	1.0094	28.443	0.037984	vapor
450.00	1.6000	426.85	0.0023427	9.4239	13.172	194.27	22.319	30.887	403.03	1.0046	28.477	0.038043	vapor
450.00	1.8000	480.09	0.0020829	9.4168	13.166	193.28	22.325	30.925	403.33	0.99981	28.512	0.038103	vapor
450.00	2.0000	533.30	0.0018751	9.4096	13.160	192.38	22.330	30.962	403.63	0.99500	28.546	0.038163	vapor
450.00	2.2000	586.48	0.0017051	9.4025	13.154	191.58	22.336	31.000	403.94	0.99018	28.580	0.038223	vapor
450.00	2.4000	639.63	0.0015634	9.3954	13.148	190.84	22.342	31.037	404.24	0.98535	28.614	0.038283	vapor
450.00	2.6000	692.75	0.0014435	9.3883	13.142	190.16	22.348	31.074	404.55	0.98052	28.649	0.038343	vapor
450.00	2.8000	745.83	0.0013408	9.3812	13.135	189.52	22.354	31.112	404.86	0.97567	28.683	0.038403	vapor
450.00	3.0000	798.89	0.0012517	9.3741	13.129	188.94	22.359	31.149	405.17	0.97082	28.717	0.038463	vapor
450.00	3.2000	851.91	0.0011738	9.3671	13.123	188.38	22.365	31.186	405.49	0.96597	28.752	0.038523	vapor
450.00	3.4000	904.90	0.0011051	9.3600	13.117	187.86	22.371	31.223	405.80	0.96111	28.786	0.038583	vapor
450.00	3.6000	957.86	0.0010440	9.3529	13.111	187.37	22.377	31.260	406.12	0.95624	28.820	0.038643	vapor
450.00	3.8000	1010.8	0.00098934	9.3459	13.105	186.91	22.382	31.297	406.45	0.95137	28.855	0.038703	vapor
450.00	4.0000	1063.7	0.00094015	9.3388	13.099	186.47	22.388	31.333	406.77	0.94649	28.889	0.038763	vapor
450.00	4.2000	1116.5	0.00089565	9.3318	13.093	186.05	22.394	31.370	407.10	0.94161	28.924	0.038823	vapor
450.00	4.4000	1169.3	0.00085519	9.3247	13.088	185.64	22.399	31.407	407.42	0.93673	28.958	0.038883	vapor
450.00	4.6000	1222.1	0.00081826	9.3177	13.082	185.26	22.405	31.443	407.76	0.93183	28.993	0.038943	vapor
450.00	4.8000	1274.8	0.00078441	9.3107	13.076	184.89	22.410	31.480	408.09	0.92694	29.027	0.039003	vapor
450.00	5.0000	1327.5	0.00075327	9.3037	13.070	184.54	22.416	31.516	408.42	0.92204	29.062	0.039063	vapor
450.00	5.2000	1380.2	0.00072453	9.2967	13.064	184.19	22.421	31.552	408.76	0.91714	29.097	0.039123	vapor
450.00	5.2000	1380.2	0.00072453	9.2967	13.064	184.19	22.421	31.552	408.76	0.91714	29.097	0.039123	supercritical
450.00	5.2000	1380.2	0.00072453	9.2967	13.064	184.19	22.421	31.552	408.76	0.91714	29.097	0.039123	supercritical
450.00	5.4000	1432.8	0.00069792	9.2897	13.058	183.86	22.427	31.588	409.10	0.91223	29.131	0.039183	supercritical
450.00	5.6000	1485.4	0.00067322	9.2827	13.053	183.55	22.432	31.625	409.44	0.90732	29.166	0.039244	supercritical
450.00	5.8000	1537.9	0.00065022	9.2757	13.047	183.24	22.438	31.661	409.79	0.90241	29.201	0.039304	supercritical
450.00	6.0000	1590.4	0.00062876	9.2688	13.041	182.94	22.443	31.697	410.14	0.89750	29.236	0.039364	supercritical
450.00	6.2000	1642.9	0.00060868	9.2618	13.036	182.66	22.449	31.732	410.49	0.89258	29.271	0.039425	supercritical
450.00	6.4000	1695.3	0.00058986	9.2548	13.030	182.38	22.454	31.768	410.84	0.88767	29.306	0.039485	supercritical
450.00	6.6000	1747.7	0.00057219	9.2479	13.024	182.11	22.460	31.804	411.19	0.88275	29.341	0.039545	supercritical
450.00	6.8000	1800.0	0.00055556	9.2410	13.019	181.84	22.465	31.839	411.55	0.87783	29.376	0.039606	supercritical
450.00	7.0000	1852.3	0.00053988	9.2340	13.013	181.59	22.470	31.875	411.91	0.87291	29.411	0.039666	supercritical
450.00	7.2000	1904.5	0.00052507	9.2271	13.008	181.34	22.476	31.910	412.27	0.86798	29.446	0.039727	supercritical
450.00	7.4000	1956.7	0.00051107	9.2202	13.002	181.10	22.481	31.945	412.63	0.86306	29.481	0.039788	supercritical
450.00	7.6000	2008.8	0.00049780	9.2133	12.997	180.86	22.486	31.980	413.00	0.85814	29.517	0.039848	supercritical
450.00	7.8000	2060.9	0.00048522	9.2064	12.991	180.63	22.491	32.015	413.37	0.85321	29.552	0.039909	supercritical
450.00	8.0000	2113.0	0.00047327	9.1995	12.986	180.40	22.497	32.050	413.74	0.84829	29.588	0.039970	supercritical
450.00	8.2000	2165.0	0.00046190	9.1926	12.980	180.18	22.502	32.085	414.11	0.84337	29.623	0.040031	supercritical
450.00	8.4000	2216.9	0.00045108	9.1858	12.975	179.97	22.507	32.120	414.48	0.83845	29.659	0.040092	supercritical
450.00	8.6000	2268.8	0.00044076	9.1789	12.969	179.76	22.512	32.154	414.86	0.83353	29.695	0.040153	supercritical
450.00	8.8000	2320.7	0.00043091	9.1721	12.964	179.55	22.517	32.189	415.24	0.82861	29.730	0.040214	supercritical
450.00	9.0000	2372.4	0.00042151	9.1652	12.959	179.35	22.522	32.223	415.62	0.82369	29.766	0.040275	supercritical
450.00	9.2000	2424.2	0.00041251	9.1584	12.953	179.16	22.528	32.257	416.01	0.81877	29.802	0.040336	supercritical
450.00	9.4000	2475.9	0.00040390	9.1516	12.948	178.96	22.533	32.292	416.39	0.81386	29.838	0.040397	supercritical
450.00	9.6000	2527.5	0.00039565	9.1448	12.943	178.77	22.538	32.326	416.78	0.80895	29.874	0.040459	supercritical
450.00	9.8000	2579.1	0.00038773	9.1380	12.938	178.59	22.543	32.360	417.17	0.80404	29.910	0.040520	supercritical
450.00	10.000	2630.6	0.00038014	9.1312	12.933	178.41	22.548	32.393	417.57	0.79913	29.947	0.040582	supercritical
